 -0.100000E+01-0.100000E+01-0.100000E+01 0.154000E+01 0.141350E+01 0.129500E+01
  0.124900E+01 0.184700E+01 0.253450E+01 0.269050E+01 0.251100E+01 0.214350E+01
  0.179600E+01 0.150550E+01 0.140650E+01 0.157650E+01 0.154050E+01 0.150200E+01
  0.140450E+01 0.127950E+01 0.338500E+00 0.982000E+00 0.946500E+00 0.944000E+00
  0.965000E+00 0.978500E+00 0.104700E+01 0.113550E+01 0.195100E+01 0.253300E+01
  0.269300E+01 0.247600E+01 0.223450E+01 0.205500E+01 0.169550E+01 0.153750E+01
  0.167000E+01 0.150000E+01 0.151800E+01 0.143350E+01 0.163150E+01 0.338500E+00
  0.900500E+00 0.917500E+00 0.968000E+00 0.108300E+01 0.120900E+01 0.114550E+01
  0.127950E+01 0.182900E+01 0.256100E+01 0.277700E+01 0.257250E+01 0.234600E+01
  0.221250E+01 0.207100E+01 0.180300E+01 0.178600E+01 0.180850E+01 0.155300E+01
  0.147100E+01 0.154950E+01 0.338500E+00 0.825500E+00 0.876000E+00 0.900500E+00
  0.946000E+00 0.101400E+01 0.111650E+01 0.122000E+01 0.166300E+01 0.230700E+01
  0.272150E+01 0.272600E+01 0.249600E+01 0.228700E+01 0.213400E+01 0.207700E+01
  0.196800E+01 0.187300E+01 0.190950E+01 0.177900E+01 0.171950E+01 0.338500E+00
  0.994000E+00 0.101000E+01 0.101700E+01 0.103700E+01 0.106350E+01 0.113250E+01
  0.113650E+01 0.137450E+01 0.194200E+01 0.250550E+01 0.276150E+01 0.270000E+01
  0.249000E+01 0.233100E+01 0.223000E+01 0.216400E+01 0.200400E+01 0.186100E+01
  0.173500E+01 0.154300E+01 0.338500E+00 0.970000E+00 0.988500E+00 0.102400E+01
  0.103500E+01 0.987500E+00 0.959000E+00 0.980000E+00 0.125550E+01 0.168150E+01
  0.224250E+01 0.264950E+01 0.272700E+01 0.264050E+01 0.250500E+01 0.238050E+01
  0.222000E+01 0.209250E+01 0.193900E+01 0.173300E+01 0.165900E+01 0.338500E+00
  0.937000E+00 0.995000E+00 0.969500E+00 0.103750E+01 0.103400E+01 0.103600E+01
  0.998500E+00 0.110150E+01 0.145700E+01 0.198600E+01 0.241850E+01 0.267050E+01
  0.270000E+01 0.258950E+01 0.250600E+01 0.233850E+01 0.210450E+01 0.195100E+01
  0.164250E+01 0.165750E+01 0.338500E+00 0.932500E+00 0.930500E+00 0.938000E+00
  0.951000E+00 0.958000E+00 0.987500E+00 0.998000E+00 0.104000E+01 0.123500E+01
  0.166850E+01 0.213250E+01 0.245150E+01 0.264450E+01 0.264650E+01 0.247850E+01
  0.235300E+01 0.216400E+01 0.193650E+01 0.192950E+01 0.177550E+01 0.338500E+00
  0.925500E+00 0.926000E+00 0.981500E+00 0.104200E+01 0.933000E+00 0.938000E+00
  0.954500E+00 0.105600E+01 0.126750E+01 0.166100E+01 0.198350E+01 0.231300E+01
  0.250800E+01 0.260100E+01 0.253700E+01 0.233800E+01 0.215950E+01 0.192800E+01
  0.189450E+01 0.169950E+01 0.338500E+00-0.100000E+01-0.100000E+01-0.100000E+01
 -0.100000E+01-0.100000E+01-0.100000E+01-0.100000E+01 0.999999E-02 0.132550E+01
  0.180500E+01 0.205900E+01 0.224600E+01 0.235350E+01 0.244600E+01 0.232150E+01
  0.220350E+01 0.202650E+01 0.198700E+01 0.181900E+01 0.190350E+01 0.338500E+00
 -0.100000E+01-0.100000E+01-0.100000E+01-0.100000E+01-0.100000E+01 0.865000E-01
  0.118400E+01 0.132600E+01 0.156050E+01 0.172350E+01 0.205700E+01 0.221850E+01
  0.226000E+01 0.226200E+01 0.226050E+01 0.214350E+01 0.203300E+01 0.197100E+01
  0.197000E+01 0.181650E+01 0.338500E+00 0.112750E+01 0.113850E+01 0.115700E+01
  0.118600E+01 0.118500E+01 0.126950E+01 0.122900E+01 0.127300E+01 0.143500E+01
  0.173050E+01 0.196550E+01 0.212950E+01 0.217650E+01 0.225450E+01 0.242100E+01
  0.224950E+01 0.206900E+01 0.200550E+01 0.212750E+01 0.210800E+01 0.338500E+00
  0.147300E+01 0.142350E+01 0.140050E+01 0.139000E+01 0.137850E+01 0.134950E+01
  0.132100E+01 0.132900E+01 0.142300E+01 0.161900E+01 0.184800E+01 0.202200E+01
  0.210700E+01 0.245050E+01 0.272400E+01 0.248900E+01 0.216300E+01 0.206450E+01
  0.202150E+01 0.176050E+01 0.338500E+00 0.133100E+01 0.131800E+01 0.127950E+01
  0.127600E+01 0.125450E+01 0.122400E+01 0.120200E+01 0.126350E+01 0.138000E+01
  0.158000E+01 0.177300E+01 0.192350E+01 0.225600E+01 0.257300E+01 0.261300E+01
  0.234500E+01 0.187300E+01 0.175050E+01 0.173050E+01 0.177200E+01 0.338500E+00
  0.119050E+01 0.119700E+01 0.123900E+01 0.128900E+01 0.131900E+01 0.134950E+01
  0.134600E+01 0.134950E+01 0.140650E+01 0.153850E+01 0.183000E+01 0.219450E+01
  0.240100E+01 0.245800E+01 0.237800E+01 0.224000E+01 0.194800E+01 0.189750E+01
  0.180750E+01 0.175850E+01 0.338500E+00 0.888500E+00 0.896000E+00 0.965000E+00
  0.932500E+00 0.956000E+00 0.100700E+01 0.105050E+01 0.121650E+01 0.138900E+01
  0.157400E+01 0.196900E+01 0.236700E+01 0.238150E+01 0.225450E+01 0.216700E+01
  0.208550E+01 0.205000E+01 0.195800E+01 0.180700E+01 0.175950E+01 0.338500E+00
  0.781500E+00 0.797000E+00 0.832500E+00 0.871500E+00 0.891500E+00 0.904500E+00
  0.940000E+00 0.112050E+01 0.138300E+01 0.178600E+01 0.225050E+01 0.243500E+01
  0.232600E+01 0.223600E+01 0.219050E+01 0.214250E+01 0.198050E+01 0.194400E+01
  0.183350E+01 0.172950E+01 0.338500E+00 0.738500E+00 0.699000E+00 0.765000E+00
  0.871000E+00 0.918500E+00 0.918000E+00 0.909500E+00 0.129550E+01 0.199000E+01
  0.234350E+01 0.251750E+01 0.233450E+01 0.215500E+01 0.203000E+01 0.189750E+01
  0.188450E+01 0.187550E+01 0.173850E+01 0.180600E+01 0.170000E+00 0.338500E+00
  0.337500E+00 0.394000E+00 0.566500E+00 0.584000E+00 0.795500E+00 0.903500E+00
  0.992000E+00 0.116100E+01 0.203600E+01 0.256300E+01 0.258450E+01 0.232150E+01
  0.211450E+01 0.189500E+01 0.190150E+01 0.174950E+01 0.161100E+01 0.177550E+01
  0.182500E+01 0.291000E+00 0.338500E+00-0.100000E+01-0.100000E+01-0.100000E+01
 -0.100000E+01-0.625000E-01 0.894500E+00 0.985000E+00 0.150850E+01 0.229250E+01
  0.265950E+01 0.254100E+01 0.225950E+01 0.204200E+01 0.184800E+01 0.151750E+01
  0.154550E+01 0.179700E+01 0.176500E+01 0.138800E+01 0.123450E+01 0.338500E+00
 -0.100000E+01-0.100000E+01 0.145500E+01 0.150900E+01 0.149650E+01 0.137200E+01
  0.161100E+01 0.242800E+01 0.288850E+01 0.292600E+01 0.267650E+01 0.239750E+01
  0.204750E+01 0.166300E+01 0.142950E+01 0.154150E+01 0.150200E+01 0.133550E+01
  0.161450E+01 0.147200E+01 0.204000E+00 0.107350E+01 0.100350E+01 0.924500E+00
  0.958500E+00 0.103850E+01 0.126150E+01 0.175650E+01 0.243100E+01 0.285450E+01
  0.282700E+01 0.260100E+01 0.234150E+01 0.204100E+01 0.175900E+01 0.152100E+01
  0.156450E+01 0.155450E+01 0.151950E+01 0.172700E+01 0.197350E+01 0.204000E+00
  0.955500E+00 0.996500E+00 0.104050E+01 0.112150E+01 0.119100E+01 0.128700E+01
  0.175300E+01 0.250200E+01 0.297000E+01 0.291400E+01 0.268450E+01 0.246200E+01
  0.228700E+01 0.214550E+01 0.197500E+01 0.166500E+01 0.165200E+01 0.178650E+01
  0.141800E+01 0.155300E+01 0.204000E+00 0.902500E+00 0.952500E+00 0.958500E+00
  0.100600E+01 0.113900E+01 0.127250E+01 0.152850E+01 0.217400E+01 0.276400E+01
  0.296950E+01 0.281500E+01 0.258750E+01 0.238550E+01 0.223800E+01 0.213200E+01
  0.201850E+01 0.186500E+01 0.169600E+01 0.178650E+01 0.157200E+01 0.204000E+00
  0.977000E+00 0.100700E+01 0.102300E+01 0.104550E+01 0.113650E+01 0.118600E+01
  0.137750E+01 0.186350E+01 0.250300E+01 0.285900E+01 0.292050E+01 0.277300E+01
  0.256950E+01 0.243450E+01 0.231650E+01 0.221500E+01 0.200700E+01 0.182350E+01
  0.163850E+01 0.175100E+01 0.204000E+00 0.102400E+01 0.104100E+01 0.102250E+01
  0.102100E+01 0.101850E+01 0.979500E+00 0.115050E+01 0.174350E+01 0.232050E+01
  0.274400E+01 0.295200E+01 0.291300E+01 0.275950E+01 0.261650E+01 0.248550E+01
  0.237450E+01 0.221250E+01 0.202250E+01 0.175950E+01 0.180950E+01 0.204000E+00
  0.934000E+00 0.929500E+00 0.937500E+00 0.967500E+00 0.102500E+01 0.992000E+00
  0.104450E+01 0.133600E+01 0.190500E+01 0.244450E+01 0.279550E+01 0.291050E+01
  0.285800E+01 0.271600E+01 0.262700E+01 0.239500E+01 0.207700E+01 0.185650E+01
  0.179350E+01 0.195750E+01 0.204000E+00 0.929000E+00 0.934500E+00 0.936000E+00
  0.945000E+00 0.966500E+00 0.988500E+00 0.106400E+01 0.125850E+01 0.164300E+01
  0.213600E+01 0.252300E+01 0.272900E+01 0.281400E+01 0.273300E+01 0.258500E+01
  0.242650E+01 0.218500E+01 0.208150E+01 0.180800E+01 0.159550E+01 0.204000E+00
  0.947500E+00 0.933000E+00 0.934000E+00 0.934500E+00 0.934500E+00 0.950000E+00
  0.101750E+01 0.123100E+01 0.152850E+01 0.193050E+01 0.231100E+01 0.257100E+01
  0.268950E+01 0.270350E+01 0.252050E+01 0.241550E+01 0.219550E+01 0.197150E+01
  0.168250E+01 0.170800E+01 0.204000E+00-0.100000E+01-0.100000E+01-0.100000E+01
 -0.100000E+01-0.100000E+01-0.100000E+01-0.100000E+01 0.985000E-01 0.160550E+01
  0.206450E+01 0.228000E+01 0.242750E+01 0.249500E+01 0.252850E+01 0.243100E+01
  0.223500E+01 0.212950E+01 0.198750E+01 0.184400E+01 0.174250E+01 0.204000E+00
 -0.100000E+01-0.100000E+01-0.100000E+01-0.100000E+01 0.116250E+01 0.118350E+01
  0.121750E+01 0.138850E+01 0.167950E+01 0.195100E+01 0.218550E+01 0.236550E+01
  0.240850E+01 0.237750E+01 0.233150E+01 0.217200E+01 0.194200E+01 0.199500E+01
  0.200050E+01 0.198950E+01 0.204000E+00 0.119700E+01 0.119600E+01 0.117850E+01
  0.118050E+01 0.119800E+01 0.121800E+01 0.127400E+01 0.136550E+01 0.152350E+01
  0.186700E+01 0.212950E+01 0.223400E+01 0.221750E+01 0.241150E+01 0.250750E+01
  0.230400E+01 0.210700E+01 0.200200E+01 0.197750E+01 0.220200E+01 0.204000E+00
  0.150850E+01 0.147450E+01 0.145950E+01 0.146150E+01 0.145550E+01 0.140600E+01
  0.138050E+01 0.141250E+01 0.153100E+01 0.169300E+01 0.189400E+01 0.205700E+01
  0.226600E+01 0.267950E+01 0.283700E+01 0.248650E+01 0.218300E+01 0.210900E+01
  0.202400E+01 0.185050E+01 0.204000E+00 0.147400E+01 0.143600E+01 0.137100E+01
  0.133800E+01 0.132750E+01 0.130650E+01 0.133100E+01 0.138900E+01 0.149750E+01
  0.164600E+01 0.182250E+01 0.212100E+01 0.252150E+01 0.277700E+01 0.270300E+01
  0.233000E+01 0.198000E+01 0.182950E+01 0.177900E+01 0.157350E+01 0.204000E+00
  0.123400E+01 0.123800E+01 0.131850E+01 0.140750E+01 0.148250E+01 0.151700E+01
  0.151200E+01 0.149300E+01 0.158700E+01 0.172800E+01 0.204250E+01 0.246200E+01
  0.269000E+01 0.268100E+01 0.250500E+01 0.226450E+01 0.213100E+01 0.183350E+01
  0.178000E+01 0.169900E+01 0.204000E+00 0.906000E+00 0.909000E+00 0.913000E+00
  0.921000E+00 0.953000E+00 0.100850E+01 0.110000E+01 0.134850E+01 0.150200E+01
  0.183200E+01 0.231900E+01 0.260750E+01 0.255950E+01 0.241850E+01 0.228600E+01
  0.216000E+01 0.204550E+01 0.197750E+01 0.175850E+01 0.164150E+01 0.204000E+00
  0.807000E+00 0.833500E+00 0.866500E+00 0.934000E+00 0.950500E+00 0.937000E+00
  0.993500E+00 0.119550E+01 0.152900E+01 0.213300E+01 0.254850E+01 0.262450E+01
  0.252650E+01 0.240250E+01 0.232050E+01 0.224600E+01 0.210050E+01 0.194550E+01
  0.184700E+01 0.169450E+01 0.204000E+00 0.646500E+00 0.700000E+00 0.797000E+00
  0.901500E+00 0.103650E+01 0.958500E+00 0.104100E+01 0.133700E+01 0.202400E+01
  0.260900E+01 0.269900E+01 0.264700E+01 0.243400E+01 0.232100E+01 0.207150E+01
  0.199350E+01 0.185650E+01 0.173050E+01 0.139300E+01 0.154100E+01 0.204000E+00
  0.381000E+00 0.501000E+00 0.490000E+00 0.728000E+00 0.859500E+00 0.942000E+00
  0.969000E+00 0.165200E+01 0.251450E+01 0.282950E+01 0.275800E+01 0.262850E+01
  0.231800E+01 0.215350E+01 0.212100E+01 0.187400E+01 0.177800E+01 0.156100E+01
  0.164050E+01 0.162650E+01 0.204000E+00-0.100000E+01-0.100000E+01-0.100000E+01
 -0.100000E+01-0.305000E-01 0.981000E+00 0.121300E+01 0.199950E+01 0.273950E+01
  0.295400E+01 0.283500E+01 0.257150E+01 0.222700E+01 0.185700E+01 0.166000E+01
  0.147050E+01 0.157800E+01 0.150450E+01 0.139300E+01 0.137100E+01 0.204000E+00
 -0.100000E+01-0.100000E+01 0.147650E+01 0.156200E+01 0.151750E+01 0.158350E+01
  0.221200E+01 0.288850E+01 0.313950E+01 0.310550E+01 0.290900E+01 0.266200E+01
  0.223750E+01 0.182450E+01 0.174050E+01 0.145950E+01 0.143400E+01 0.155350E+01
  0.136950E+01 0.115900E+01-0.227000E-01 0.118050E+01 0.108900E+01 0.962000E+00
  0.985000E+00 0.106500E+01 0.151700E+01 0.230350E+01 0.295300E+01 0.313200E+01
  0.301550E+01 0.282350E+01 0.252000E+01 0.208600E+01 0.182600E+01 0.181850E+01
  0.157100E+01 0.154400E+01 0.140900E+01 0.134450E+01 0.146100E+01-0.227000E-01
  0.956500E+00 0.987000E+00 0.102200E+01 0.111200E+01 0.122900E+01 0.155900E+01
  0.225300E+01 0.295950E+01 0.319500E+01 0.302500E+01 0.279050E+01 0.256750E+01
  0.232400E+01 0.217500E+01 0.189750E+01 0.168350E+01 0.158450E+01 0.145650E+01
  0.147400E+01 0.143100E+01-0.227000E-01 0.917000E+00 0.974500E+00 0.103300E+01
  0.105050E+01 0.116150E+01 0.144100E+01 0.196650E+01 0.266950E+01 0.312250E+01
  0.313550E+01 0.287900E+01 0.265550E+01 0.245800E+01 0.230650E+01 0.211250E+01
  0.188450E+01 0.181200E+01 0.176400E+01 0.167300E+01 0.141600E+01-0.227000E-01
  0.104050E+01 0.113150E+01 0.102050E+01 0.106550E+01 0.116850E+01 0.142250E+01
  0.183100E+01 0.247200E+01 0.297000E+01 0.314150E+01 0.306400E+01 0.287000E+01
  0.266100E+01 0.251300E+01 0.237350E+01 0.220650E+01 0.197400E+01 0.175100E+01
  0.161000E+01 0.151100E+01-0.227000E-01 0.999000E+00 0.103250E+01 0.106800E+01
  0.127600E+01 0.115800E+01 0.117900E+01 0.161650E+01 0.226800E+01 0.281600E+01
  0.311300E+01 0.313300E+01 0.298850E+01 0.286050E+01 0.271150E+01 0.259350E+01
  0.237900E+01 0.210400E+01 0.192200E+01 0.176250E+01 0.164950E+01-0.227000E-01
  0.961500E+00 0.942000E+00 0.944000E+00 0.954500E+00 0.977500E+00 0.109150E+01
  0.139900E+01 0.186950E+01 0.241250E+01 0.284500E+01 0.306400E+01 0.307450E+01
  0.296200E+01 0.283500E+01 0.268550E+01 0.244650E+01 0.219400E+01 0.192800E+01
  0.172300E+01 0.169300E+01-0.227000E-01 0.936500E+00 0.995500E+00 0.949000E+00
  0.958500E+00 0.101700E+01 0.107150E+01 0.123800E+01 0.158400E+01 0.208050E+01
  0.253850E+01 0.283200E+01 0.295500E+01 0.296950E+01 0.286000E+01 0.265150E+01
  0.237250E+01 0.211950E+01 0.188950E+01 0.172400E+01 0.148900E+01-0.227000E-01
  0.934500E+00 0.928500E+00 0.928000E+00 0.927000E+00 0.946500E+00 0.102450E+01
  0.116750E+01 0.149600E+01 0.190350E+01 0.226600E+01 0.257000E+01 0.274900E+01
  0.283350E+01 0.281400E+01 0.261800E+01 0.234100E+01 0.205500E+01 0.180000E+01
  0.177100E+01 0.170100E+01-0.227000E-01-0.100000E+01-0.100000E+01-0.100000E+01
 -0.100000E+01-0.100000E+01-0.100000E+01-0.100000E+01 0.242500E+00 0.186750E+01
  0.226500E+01 0.246250E+01 0.255600E+01 0.260950E+01 0.260850E+01 0.245100E+01
  0.239850E+01 0.202600E+01 0.190700E+01 0.185900E+01 0.169900E+01-0.227000E-01
 -0.100000E+01-0.100000E+01-0.100000E+01-0.100000E+01 0.112100E+01 0.117600E+01
  0.133550E+01 0.158750E+01 0.179600E+01 0.208150E+01 0.233650E+01 0.243900E+01
  0.246100E+01 0.245400E+01 0.237550E+01 0.215050E+01 0.197600E+01 0.187800E+01
  0.195450E+01 0.174650E+01-0.227000E-01 0.124750E+01 0.124500E+01 0.129200E+01
  0.130200E+01 0.130950E+01 0.129650E+01 0.134350E+01 0.149850E+01 0.176050E+01
  0.196650E+01 0.216450E+01 0.224700E+01 0.231600E+01 0.263600E+01 0.264700E+01
  0.221700E+01 0.211300E+01 0.188800E+01 0.199650E+01 0.186750E+01-0.227000E-01
  0.148800E+01 0.146900E+01 0.147400E+01 0.148200E+01 0.144750E+01 0.142850E+01
  0.142200E+01 0.148200E+01 0.162100E+01 0.179100E+01 0.194700E+01 0.209900E+01
  0.249450E+01 0.289050E+01 0.285550E+01 0.243450E+01 0.220150E+01 0.211900E+01
  0.211750E+01 0.207100E+01-0.227000E-01 0.150900E+01 0.145250E+01 0.140000E+01
  0.137150E+01 0.136900E+01 0.134350E+01 0.134900E+01 0.142650E+01 0.152800E+01
  0.165300E+01 0.195650E+01 0.239150E+01 0.277600E+01 0.292700E+01 0.274200E+01
  0.232100E+01 0.197650E+01 0.180250E+01 0.182150E+01 0.160750E+01-0.227000E-01
  0.120750E+01 0.132300E+01 0.139150E+01 0.147850E+01 0.153100E+01 0.153350E+01
  0.146650E+01 0.153700E+01 0.165900E+01 0.195600E+01 0.242950E+01 0.270100E+01
  0.282950E+01 0.281000E+01 0.258950E+01 0.223550E+01 0.200650E+01 0.196700E+01
  0.172450E+01 0.164000E+01-0.227000E-01 0.946500E+00 0.921500E+00 0.916500E+00
  0.934500E+00 0.987500E+00 0.112800E+01 0.122000E+01 0.147750E+01 0.177850E+01
  0.224850E+01 0.267650E+01 0.282450E+01 0.272700E+01 0.254800E+01 0.237600E+01
  0.219750E+01 0.208600E+01 0.194350E+01 0.166850E+01 0.135950E+01-0.227000E-01
  0.843500E+00 0.861500E+00 0.893500E+00 0.915500E+00 0.958500E+00 0.996500E+00
  0.105000E+01 0.141400E+01 0.206700E+01 0.256700E+01 0.285350E+01 0.283000E+01
  0.269700E+01 0.259650E+01 0.241600E+01 0.223300E+01 0.197550E+01 0.180750E+01
  0.153950E+01 0.152050E+01-0.227000E-01 0.754500E+00 0.800000E+00 0.909000E+00
  0.981500E+00 0.969500E+00 0.986500E+00 0.125850E+01 0.190300E+01 0.265200E+01
  0.295400E+01 0.292350E+01 0.280250E+01 0.259750E+01 0.241400E+01 0.204750E+01
  0.183000E+01 0.184050E+01 0.168500E+01 0.151800E+01 0.270000E+00-0.227000E-01
  0.538500E+00 0.541000E+00 0.670000E+00 0.757500E+00 0.841500E+00 0.971000E+00
  0.155800E+01 0.243650E+01 0.297150E+01 0.303700E+01 0.294550E+01 0.287300E+01
  0.255900E+01 0.221700E+01 0.192600E+01 0.159500E+01 0.195000E+01 0.159450E+01
  0.135300E+01 0.123700E+01-0.227000E-01-0.100000E+01-0.100000E+01-0.100000E+01
 -0.100000E+01-0.230000E-01 0.114000E+01 0.176350E+01 0.267600E+01 0.310300E+01
  0.311850E+01 0.300900E+01 0.276150E+01 0.226650E+01 0.189300E+01 0.166550E+01
  0.174200E+01 0.158900E+01 0.151650E+01 0.153150E+01 0.126400E+01-0.227000E-01
 -0.100000E+01-0.100000E+01 0.152850E+01 0.158000E+01 0.167100E+01 0.214100E+01
  0.279500E+01 0.325250E+01 0.333550E+01 0.326550E+01 0.311950E+01 0.287100E+01
  0.248650E+01 0.215050E+01 0.173750E+01 0.137900E+01 0.158450E+01 0.162600E+01
  0.125700E+01 0.118800E+01 0.156600E+00 0.119800E+01 0.116450E+01 0.102100E+01
  0.101200E+01 0.137750E+01 0.207050E+01 0.286200E+01 0.325400E+01 0.327550E+01
  0.316750E+01 0.302800E+01 0.273600E+01 0.242000E+01 0.205800E+01 0.193600E+01
  0.196850E+01 0.152050E+01 0.150000E+01 0.148050E+01 0.155250E+01 0.156600E+00
  0.965000E+00 0.101200E+01 0.107650E+01 0.120350E+01 0.153400E+01 0.216750E+01
  0.283150E+01 0.329600E+01 0.331700E+01 0.311600E+01 0.291800E+01 0.275050E+01
  0.250050E+01 0.232750E+01 0.206100E+01 0.162050E+01 0.166250E+01 0.148550E+01
  0.145450E+01 0.127000E+01 0.156600E+00 0.933000E+00 0.983500E+00 0.105350E+01
  0.112250E+01 0.139700E+01 0.190900E+01 0.255700E+01 0.313550E+01 0.336800E+01
  0.321850E+01 0.294550E+01 0.277950E+01 0.260450E+01 0.237600E+01 0.211150E+01
  0.188700E+01 0.184750E+01 0.173350E+01 0.157100E+01 0.144050E+01 0.156600E+00
  0.981500E+00 0.100700E+01 0.103800E+01 0.111300E+01 0.136000E+01 0.188100E+01
  0.238100E+01 0.293200E+01 0.326800E+01 0.330650E+01 0.314700E+01 0.290850E+01
  0.271600E+01 0.251700E+01 0.228600E+01 0.210450E+01 0.194000E+01 0.179550E+01
  0.188250E+01 0.151200E+01 0.156600E+00 0.104000E+01 0.106900E+01 0.111650E+01
  0.118900E+01 0.124300E+01 0.165200E+01 0.219750E+01 0.276100E+01 0.319800E+01
  0.331300E+01 0.320800E+01 0.307450E+01 0.295600E+01 0.279800E+01 0.253050E+01
  0.226950E+01 0.204650E+01 0.169450E+01 0.159350E+01 0.169600E+01 0.156600E+00
  0.950000E+00 0.935500E+00 0.946000E+00 0.981000E+00 0.108500E+01 0.137500E+01
  0.180550E+01 0.231300E+01 0.278350E+01 0.313400E+01 0.325350E+01 0.318950E+01
  0.303450E+01 0.290050E+01 0.267150E+01 0.235900E+01 0.206000E+01 0.173350E+01
  0.162100E+01 0.155850E+01 0.156600E+00 0.934000E+00 0.952500E+00 0.957500E+00
  0.977500E+00 0.103450E+01 0.124400E+01 0.158450E+01 0.203300E+01 0.248350E+01
  0.282550E+01 0.306050E+01 0.313550E+01 0.305400E+01 0.290400E+01 0.268000E+01
  0.235800E+01 0.197650E+01 0.170000E+01 0.170000E+01 0.163450E+01 0.156600E+00
  0.935500E+00 0.940000E+00 0.940000E+00 0.936000E+00 0.957000E+00 0.107150E+01
  0.138250E+01 0.174350E+01 0.217450E+01 0.255000E+01 0.278600E+01 0.289600E+01
  0.291850E+01 0.283500E+01 0.257750E+01 0.226950E+01 0.195450E+01 0.170750E+01
  0.169550E+01 0.157850E+01 0.156600E+00-0.100000E+01-0.100000E+01-0.100000E+01
 -0.100000E+01-0.100000E+01-0.100000E+01-0.100000E+01 0.170200E+01 0.207850E+01
  0.243200E+01 0.256850E+01 0.266350E+01 0.266000E+01 0.257200E+01 0.235950E+01
  0.217450E+01 0.198700E+01 0.192550E+01 0.173200E+01 0.156550E+01 0.156600E+00
 -0.100000E+01-0.100000E+01-0.100000E+01-0.100000E+01 0.110750E+01 0.120300E+01
  0.136950E+01 0.163700E+01 0.192250E+01 0.217800E+01 0.238450E+01 0.246350E+01
  0.247550E+01 0.242050E+01 0.230800E+01 0.206800E+01 0.179800E+01 0.195450E+01
  0.200700E+01 0.172900E+01 0.156600E+00 0.131350E+01 0.132600E+01 0.133900E+01
  0.132500E+01 0.132550E+01 0.133000E+01 0.139850E+01 0.156250E+01 0.178250E+01
  0.200150E+01 0.220050E+01 0.232100E+01 0.251450E+01 0.272250E+01 0.249800E+01
  0.211350E+01 0.198450E+01 0.201250E+01 0.183900E+01 0.176000E+01 0.156600E+00
  0.154000E+01 0.150100E+01 0.149050E+01 0.154100E+01 0.149600E+01 0.146350E+01
  0.146000E+01 0.154600E+01 0.166700E+01 0.180000E+01 0.197200E+01 0.229400E+01
  0.278000E+01 0.298800E+01 0.266600E+01 0.218550E+01 0.203100E+01 0.195400E+01
  0.169450E+01 0.163300E+01 0.156600E+00 0.153450E+01 0.148800E+01 0.143450E+01
  0.140150E+01 0.137850E+01 0.134750E+01 0.137000E+01 0.149700E+01 0.161950E+01
  0.184850E+01 0.229700E+01 0.271850E+01 0.298650E+01 0.292400E+01 0.256400E+01
  0.215450E+01 0.191700E+01 0.172100E+01 0.188700E+01 0.169600E+01 0.156600E+00
  0.123650E+01 0.135150E+01 0.143450E+01 0.152600E+01 0.156100E+01 0.155250E+01
  0.154750E+01 0.164500E+01 0.190850E+01 0.238750E+01 0.275200E+01 0.295950E+01
  0.297800E+01 0.275300E+01 0.246450E+01 0.209500E+01 0.189300E+01 0.191250E+01
  0.177550E+01 0.137750E+01 0.156600E+00 0.907500E+00 0.905000E+00 0.920500E+00
  0.964000E+00 0.103350E+01 0.113700E+01 0.143900E+01 0.181300E+01 0.226850E+01
  0.273450E+01 0.297700E+01 0.300350E+01 0.282200E+01 0.260300E+01 0.240050E+01
  0.224300E+01 0.194050E+01 0.167950E+01 0.149950E+01 0.134200E+01 0.156600E+00
  0.887000E+00 0.910000E+00 0.991000E+00 0.111600E+01 0.100050E+01 0.105350E+01
  0.138750E+01 0.192650E+01 0.259900E+01 0.298200E+01 0.306000E+01 0.299250E+01
  0.287450E+01 0.270600E+01 0.253550E+01 0.227350E+01 0.199400E+01 0.167700E+01
  0.161100E+01 0.150700E+01 0.156600E+00 0.708000E+00 0.769000E+00 0.889000E+00
  0.101150E+01 0.108650E+01 0.135550E+01 0.207350E+01 0.265550E+01 0.309050E+01
  0.323950E+01 0.315350E+01 0.298100E+01 0.284450E+01 0.232800E+01 0.200150E+01
  0.155650E+01 0.152750E+01 0.147000E+01 0.136900E+01 0.130100E+01 0.156600E+00
  0.486000E+00 0.503000E+00 0.717000E+00 0.861500E+00 0.102500E+01 0.147850E+01
  0.236300E+01 0.299900E+01 0.327700E+01 0.330700E+01 0.324100E+01 0.300500E+01
  0.259850E+01 0.233600E+01 0.195950E+01 0.165200E+01 0.187850E+01 0.171250E+01
  0.144100E+01 0.121250E+01 0.156600E+00-0.100000E+01-0.100000E+01-0.100000E+01
 -0.100000E+01 0.980000E-01 0.182150E+01 0.260250E+01 0.312650E+01 0.334750E+01
  0.332650E+01 0.316550E+01 0.289350E+01 0.262600E+01 0.217750E+01 0.191800E+01
  0.182000E+01 0.160900E+01 0.147150E+01 0.152250E+01 0.146550E+01 0.156600E+00
 -0.100000E+01-0.100000E+01 0.151500E+01 0.169950E+01 0.222950E+01 0.280850E+01
  0.326300E+01 0.348450E+01 0.348300E+01 0.344250E+01 0.325400E+01 0.291750E+01
  0.259500E+01 0.226600E+01 0.225650E+01 0.183900E+01 0.163750E+01 0.140650E+01
  0.114300E+01 0.156200E+01 0.607000E-01 0.125300E+01 0.121800E+01 0.106250E+01
  0.134050E+01 0.196600E+01 0.269250E+01 0.326750E+01 0.344800E+01 0.338200E+01
  0.326200E+01 0.311100E+01 0.306000E+01 0.276900E+01 0.261150E+01 0.211850E+01
  0.170250E+01 0.153100E+01 0.140950E+01 0.143050E+01 0.113700E+01 0.607000E-01
  0.102400E+01 0.104300E+01 0.120250E+01 0.146250E+01 0.213800E+01 0.272650E+01
  0.323050E+01 0.350450E+01 0.340450E+01 0.322750E+01 0.307100E+01 0.287100E+01
  0.269000E+01 0.247450E+01 0.228300E+01 0.217200E+01 0.214350E+01 0.157550E+01
  0.137500E+01 0.180400E+01 0.607000E-01 0.920500E+00 0.998500E+00 0.113200E+01
  0.133800E+01 0.176100E+01 0.241400E+01 0.301800E+01 0.346050E+01 0.349650E+01
  0.330350E+01 0.308950E+01 0.290600E+01 0.267750E+01 0.244100E+01 0.215900E+01
  0.200250E+01 0.169650E+01 0.166150E+01 0.157750E+01 0.134150E+01 0.607000E-01
  0.974500E+00 0.100900E+01 0.105500E+01 0.112400E+01 0.152300E+01 0.237150E+01
  0.288650E+01 0.328500E+01 0.346750E+01 0.340450E+01 0.321750E+01 0.303050E+01
  0.282650E+01 0.256800E+01 0.224850E+01 0.217600E+01 0.192900E+01 0.163550E+01
  0.158600E+01 0.137150E+01 0.607000E-01 0.101700E+01 0.103350E+01 0.108050E+01
  0.116000E+01 0.151250E+01 0.211500E+01 0.266700E+01 0.316650E+01 0.343550E+01
  0.345250E+01 0.331700E+01 0.313550E+01 0.301750E+01 0.281200E+01 0.255400E+01
  0.222800E+01 0.192850E+01 0.179600E+01 0.151250E+01 0.161650E+01 0.607000E-01
  0.939500E+00 0.954000E+00 0.990500E+00 0.109600E+01 0.135400E+01 0.180600E+01
  0.231150E+01 0.276200E+01 0.314550E+01 0.336700E+01 0.338200E+01 0.324550E+01
  0.305050E+01 0.283850E+01 0.254650E+01 0.229200E+01 0.197850E+01 0.184750E+01
  0.171700E+01 0.157950E+01 0.607000E-01 0.932000E+00 0.968500E+00 0.995500E+00
  0.102600E+01 0.116550E+01 0.150050E+01 0.190600E+01 0.233500E+01 0.279350E+01
  0.312400E+01 0.326350E+01 0.323000E+01 0.306350E+01 0.287250E+01 0.262050E+01
  0.229150E+01 0.193100E+01 0.162250E+01 0.152350E+01 0.161550E+01 0.607000E-01
  0.941500E+00 0.936500E+00 0.945500E+00 0.963000E+00 0.103150E+01 0.122250E+01
  0.151050E+01 0.193550E+01 0.244100E+01 0.274800E+01 0.294200E+01 0.303800E+01
  0.297300E+01 0.280000E+01 0.240400E+01 0.208750E+01 0.163750E+01 0.172700E+01
  0.166750E+01 0.145450E+01 0.607000E-01-0.100000E+01-0.100000E+01-0.100000E+01
 -0.100000E+01-0.100000E+01-0.100000E+01-0.100000E+01 0.435000E+00 0.215950E+01
  0.253400E+01 0.271100E+01 0.277200E+01 0.272600E+01 0.252750E+01 0.222150E+01
  0.211400E+01 0.169450E+01 0.146000E+01 0.151400E+01 0.163750E+01 0.607000E-01
 -0.100000E+01-0.100000E+01-0.100000E+01 0.520000E-01 0.121600E+01 0.129700E+01
  0.151700E+01 0.180950E+01 0.204700E+01 0.227350E+01 0.250600E+01 0.251800E+01
  0.252000E+01 0.247000E+01 0.219150E+01 0.192550E+01 0.186950E+01 0.166950E+01
  0.165800E+01 0.175200E+01 0.607000E-01 0.154750E+01 0.154900E+01 0.146450E+01
  0.145900E+01 0.144300E+01 0.145750E+01 0.148550E+01 0.165800E+01 0.193150E+01
  0.205350E+01 0.221850E+01 0.245850E+01 0.266800E+01 0.269300E+01 0.236200E+01
  0.195350E+01 0.183850E+01 0.175200E+01 0.181150E+01 0.173500E+01 0.607000E-01
  0.162800E+01 0.159600E+01 0.156150E+01 0.154450E+01 0.151700E+01 0.148400E+01
  0.149350E+01 0.157950E+01 0.169900E+01 0.190950E+01 0.224700E+01 0.273250E+01
  0.300200E+01 0.290600E+01 0.247250E+01 0.219800E+01 0.213750E+01 0.195300E+01
  0.166600E+01 0.151250E+01 0.607000E-01 0.154500E+01 0.149800E+01 0.146450E+01
  0.146700E+01 0.144300E+01 0.142350E+01 0.147800E+01 0.170500E+01 0.181800E+01
  0.225650E+01 0.278250E+01 0.302100E+01 0.300950E+01 0.279050E+01 0.219500E+01
  0.189450E+01 0.178750E+01 0.161600E+01 0.166350E+01 0.147550E+01 0.607000E-01
  0.126700E+01 0.139000E+01 0.151000E+01 0.156350E+01 0.156900E+01 0.160650E+01
  0.171600E+01 0.190050E+01 0.225400E+01 0.271150E+01 0.303750E+01 0.309100E+01
  0.304000E+01 0.282550E+01 0.233500E+01 0.211650E+01 0.176650E+01 0.152800E+01
  0.131050E+01 0.133950E+01 0.607000E-01 0.954000E+00 0.963000E+00 0.977000E+00
  0.104600E+01 0.108500E+01 0.126400E+01 0.172900E+01 0.234000E+01 0.281700E+01
  0.313300E+01 0.320250E+01 0.311450E+01 0.292350E+01 0.264750E+01 0.238900E+01
  0.210300E+01 0.169250E+01 0.172250E+01 0.157000E+01 0.142450E+01 0.607000E-01
  0.870500E+00 0.888500E+00 0.968000E+00 0.108750E+01 0.125550E+01 0.160200E+01
  0.216100E+01 0.270550E+01 0.310800E+01 0.326550E+01 0.326950E+01 0.319500E+01
  0.307050E+01 0.280900E+01 0.237500E+01 0.191350E+01 0.157400E+01 0.156450E+01
  0.157450E+01 0.179100E+01 0.607000E-01 0.806000E+00 0.922500E+00 0.101250E+01
  0.111850E+01 0.133750E+01 0.206200E+01 0.271950E+01 0.319650E+01 0.339350E+01
  0.342350E+01 0.333500E+01 0.317150E+01 0.293450E+01 0.255600E+01 0.242600E+01
  0.214000E+01 0.136950E+01 0.135400E+01 0.145450E+01 0.125000E+00 0.607000E-01
  0.404500E+00 0.423000E+00 0.607000E+00 0.929500E+00 0.141800E+01 0.225700E+01
  0.288950E+01 0.331700E+01 0.350300E+01 0.349900E+01 0.336800E+01 0.313550E+01
  0.286150E+01 0.252050E+01 0.227400E+01 0.141850E+01 0.132200E+01 0.128200E+01
  0.151050E+01 0.212500E+00 0.607000E-01-0.100000E+01-0.100000E+01-0.100000E+01
 -0.100000E+01 0.416500E+00 0.269600E+01 0.321600E+01 0.345750E+01 0.352450E+01
  0.343100E+01 0.332450E+01 0.317250E+01 0.283850E+01 0.237650E+01 0.179600E+01
  0.181200E+01 0.136650E+01 0.126600E+01 0.145050E+01 0.134650E+01 0.607000E-01
 -0.100000E+01-0.100000E+01 0.408500E+00 0.251850E+01 0.283750E+01 0.322450E+01
  0.355450E+01 0.362800E+01 0.361700E+01 0.351900E+01 0.341300E+01 0.316000E+01
  0.295200E+01 0.260550E+01 0.193750E+01 0.153600E+01 0.207700E+01 0.159000E+01
  0.140200E+01 0.127600E+01-0.660001E-02 0.114200E+01 0.112900E+01 0.123150E+01
  0.185050E+01 0.242200E+01 0.314700E+01 0.351900E+01 0.358600E+01 0.352750E+01
  0.343550E+01 0.329700E+01 0.310450E+01 0.270350E+01 0.269550E+01 0.258400E+01
  0.251050E+01 0.159750E+01 0.137950E+01 0.138250E+01 0.132550E+01-0.660001E-02
  0.978500E+00 0.106850E+01 0.129350E+01 0.184200E+01 0.252450E+01 0.315600E+01
  0.355600E+01 0.369400E+01 0.355800E+01 0.337800E+01 0.325350E+01 0.305500E+01
  0.288450E+01 0.260550E+01 0.212850E+01 0.165150E+01 0.128750E+01 0.115650E+01
  0.109700E+01 0.123200E+01-0.660001E-02 0.936500E+00 0.101600E+01 0.120600E+01
  0.155450E+01 0.221900E+01 0.294550E+01 0.344250E+01 0.368800E+01 0.359000E+01
  0.338300E+01 0.324800E+01 0.305850E+01 0.289850E+01 0.263550E+01 0.230200E+01
  0.180600E+01 0.176250E+01 0.170500E+01 0.168500E+01 0.160050E+01-0.660001E-02
  0.992000E+00 0.102450E+01 0.102700E+01 0.116100E+01 0.184150E+01 0.263600E+01
  0.321950E+01 0.355250E+01 0.360400E+01 0.347550E+01 0.333250E+01 0.315350E+01
  0.297850E+01 0.268200E+01 0.226800E+01 0.211600E+01 0.223700E+01 0.201750E+01
  0.153300E+01 0.144250E+01-0.660001E-02 0.106700E+01 0.111200E+01 0.117900E+01
  0.134700E+01 0.182150E+01 0.250350E+01 0.302150E+01 0.345000E+01 0.359350E+01
  0.353200E+01 0.334100E+01 0.319250E+01 0.299750E+01 0.288600E+01 0.249450E+01
  0.222650E+01 0.185200E+01 0.170850E+01 0.166200E+01 0.156750E+01-0.660001E-02
  0.954500E+00 0.992000E+00 0.113100E+01 0.138050E+01 0.176850E+01 0.217850E+01
  0.260850E+01 0.301050E+01 0.334750E+01 0.348400E+01 0.341400E+01 0.330850E+01
  0.307900E+01 0.277800E+01 0.266850E+01 0.207100E+01 0.172700E+01 0.202150E+01
  0.155900E+01 0.144000E+01-0.660001E-02 0.921500E+00 0.939500E+00 0.994500E+00
  0.107800E+01 0.131750E+01 0.174950E+01 0.228650E+01 0.270650E+01 0.301350E+01
  0.324650E+01 0.332000E+01 0.321400E+01 0.307650E+01 0.283950E+01 0.253400E+01
  0.197950E+01 0.179500E+01 0.168750E+01 0.176850E+01 0.163900E+01-0.660001E-02
  0.943000E+00 0.946000E+00 0.938500E+00 0.988000E+00 0.114900E+01 0.129250E+01
  0.168300E+01 0.221300E+01 0.257200E+01 0.285850E+01 0.306400E+01 0.305750E+01
  0.289050E+01 0.270950E+01 0.249550E+01 0.188700E+01 0.151350E+01 0.164100E+01
  0.171200E+01 0.165250E+01-0.660001E-02-0.100000E+01-0.100000E+01-0.100000E+01
 -0.100000E+01-0.100000E+01-0.100000E+01-0.100000E+01 0.188250E+01 0.228300E+01
  0.262700E+01 0.273250E+01 0.276450E+01 0.266500E+01 0.240100E+01 0.220050E+01
  0.226350E+01 0.170550E+01 0.199300E+01 0.168450E+01 0.146950E+01-0.660001E-02
 -0.100000E+01-0.100000E+01-0.100000E+01-0.100000E+01 0.113750E+01 0.128800E+01
  0.152950E+01 0.187000E+01 0.221950E+01 0.236750E+01 0.252450E+01 0.250900E+01
  0.249900E+01 0.231250E+01 0.208150E+01 0.193400E+01 0.196150E+01 0.160650E+01
  0.152500E+01 0.181600E+01-0.660001E-02 0.155550E+01 0.159750E+01 0.155550E+01
  0.148600E+01 0.142250E+01 0.147950E+01 0.164450E+01 0.172300E+01 0.188450E+01
  0.214750E+01 0.240600E+01 0.254650E+01 0.263900E+01 0.249700E+01 0.226000E+01
  0.195050E+01 0.193550E+01 0.166300E+01 0.188550E+01 0.203300E+01-0.660001E-02
  0.174000E+01 0.169850E+01 0.167800E+01 0.165700E+01 0.161050E+01 0.159400E+01
  0.158950E+01 0.170350E+01 0.189400E+01 0.221600E+01 0.260650E+01 0.293300E+01
  0.291950E+01 0.266650E+01 0.219800E+01 0.219050E+01 0.206800E+01 0.192400E+01
  0.175850E+01 0.145100E+01-0.660001E-02 0.153800E+01 0.154150E+01 0.150050E+01
  0.152150E+01 0.155550E+01 0.157900E+01 0.165150E+01 0.189650E+01 0.230400E+01
  0.266800E+01 0.297550E+01 0.307100E+01 0.296300E+01 0.266500E+01 0.243700E+01
  0.217050E+01 0.206700E+01 0.194250E+01 0.130750E+01 0.715000E-01-0.660001E-02
  0.128400E+01 0.140000E+01 0.146800E+01 0.154550E+01 0.162600E+01 0.170800E+01
  0.198450E+01 0.234350E+01 0.258000E+01 0.299200E+01 0.321350E+01 0.318200E+01
  0.302200E+01 0.282950E+01 0.227950E+01 0.202150E+01 0.213650E+01 0.191850E+01
  0.157650E+01 0.142650E+01-0.660001E-02-0.305000E-01 0.927000E+00 0.966000E+00
  0.109200E+01 0.114050E+01 0.147200E+01 0.226900E+01 0.289050E+01 0.315800E+01
  0.335250E+01 0.342200E+01 0.321250E+01 0.302950E+01 0.280900E+01 0.232500E+01
  0.209950E+01 0.186550E+01 0.173050E+01 0.148950E+01 0.146150E+01-0.660001E-02
  0.100700E+01 0.104250E+01 0.112000E+01 0.126100E+01 0.162900E+01 0.217000E+01
  0.276500E+01 0.315950E+01 0.339800E+01 0.350650E+01 0.348400E+01 0.342150E+01
  0.320000E+01 0.293300E+01 0.257200E+01 0.221950E+01 0.187500E+01 0.175200E+01
  0.149450E+01 0.156950E+01-0.660001E-02 0.756000E+00 0.969500E+00 0.116500E+01
  0.155200E+01 0.217100E+01 0.277750E+01 0.327750E+01 0.353500E+01 0.362750E+01
  0.360050E+01 0.348350E+01 0.327650E+01 0.304700E+01 0.255350E+01 0.173350E+01
  0.150500E+01 0.130050E+01 0.137350E+01 0.142100E+01 0.125700E+01-0.660001E-02
  0.570500E+00 0.592500E+00 0.132850E+01 0.176600E+01 0.252450E+01 0.311200E+01
  0.339950E+01 0.355250E+01 0.366950E+01 0.362650E+01 0.354250E+01 0.340200E+01
  0.332900E+01 0.288250E+01 0.203300E+01 0.146350E+01 0.127000E+01 0.126400E+01
  0.147600E+01 0.110500E+00-0.660001E-02-0.100000E+01-0.100000E+01-0.100000E+01
 -0.100000E+01 0.101450E+01 0.330100E+01 0.360050E+01 0.367150E+01 0.366500E+01
  0.360850E+01 0.347600E+01 0.332000E+01 0.306600E+01 0.255550E+01 0.222200E+01
  0.171750E+01 0.167100E+01 0.142200E+01 0.127200E+01 0.242500E+00-0.660001E-02
 -0.100000E+01-0.100000E+01 0.500000E+00-0.100000E+01 0.326000E+01 0.348700E+01
  0.375700E+01 0.384200E+01 0.374800E+01 0.362250E+01 0.358000E+01 0.330400E+01
  0.297550E+01 0.305850E+01 0.262950E+01 0.163250E+01 0.590000E-01 0.263000E+01
  0.118350E+01-0.100000E+01-0.523300E+00 0.127300E+01 0.140000E+01 0.189850E+01
  0.252950E+01 0.309650E+01 0.344350E+01 0.367000E+01 0.369100E+01 0.367300E+01
  0.353800E+01 0.335600E+01 0.334550E+01 0.309300E+01 0.273150E+01 0.220850E+01
  0.216650E+01 0.743500E+00 0.220350E+01 0.136500E+00-0.100000E+01-0.523300E+00
  0.984500E+00 0.121450E+01 0.184900E+01 0.266150E+01 0.324950E+01 0.362750E+01
  0.376550E+01 0.383000E+01 0.364600E+01 0.347250E+01 0.335100E+01 0.318200E+01
  0.288100E+01 0.238650E+01 0.238700E+01 0.187900E+01 0.155750E+01 0.236500E+00
  0.139000E+00 0.215000E+00-0.523300E+00 0.975500E+00 0.110750E+01 0.152850E+01
  0.214400E+01 0.287650E+01 0.344600E+01 0.371050E+01 0.386700E+01 0.376300E+01
  0.352000E+01 0.336900E+01 0.326000E+01 0.302650E+01 0.278800E+01 0.273350E+01
  0.259550E+01 0.244750E+01 0.229600E+01 0.210450E+01 0.442500E+00-0.523300E+00
  0.103650E+01 0.107950E+01 0.118300E+01 0.162500E+01 0.241700E+01 0.307050E+01
  0.346450E+01 0.375750E+01 0.377950E+01 0.356000E+01 0.342800E+01 0.326800E+01
  0.302950E+01 0.276300E+01 0.237250E+01 0.202650E+01 0.179600E+01 0.179400E+01
  0.189450E+01 0.217100E+01-0.523300E+00 0.103950E+01 0.113800E+01 0.132150E+01
  0.181900E+01 0.238700E+01 0.299400E+01 0.332350E+01 0.363950E+01 0.372900E+01
  0.362450E+01 0.346050E+01 0.320250E+01 0.289750E+01 0.264850E+01 0.228300E+01
  0.203900E+01 0.167350E+01 0.141300E+01 0.141050E+01 0.186400E+01-0.523300E+00
  0.100350E+01 0.109700E+01 0.126650E+01 0.156200E+01 0.211300E+01 0.254600E+01
  0.295950E+01 0.330750E+01 0.350650E+01 0.353050E+01 0.338700E+01 0.315350E+01
  0.295800E+01 0.253050E+01 0.216650E+01 0.193200E+01 0.162300E+01 0.137450E+01
  0.147600E+01 0.157150E+01-0.523300E+00 0.946000E+00 0.956000E+00 0.101700E+01
  0.120250E+01 0.148550E+01 0.191700E+01 0.251450E+01 0.288200E+01 0.317600E+01
  0.329350E+01 0.332800E+01 0.322000E+01 0.292600E+01 0.235550E+01 0.226300E+01
  0.190600E+01 0.169000E+01 0.155400E+01 0.131550E+01 0.138150E+01-0.523300E+00
  0.111950E+01 0.981000E+00 0.929500E+00 0.981000E+00 0.117450E+01 0.143550E+01
  0.192100E+01 0.237000E+01 0.271650E+01 0.295800E+01 0.301900E+01 0.298900E+01
  0.292650E+01 0.231950E+01 0.194100E+01 0.172800E+01 0.278950E+01 0.199450E+01
  0.156000E+01 0.190700E+01-0.523300E+00-0.100000E+01-0.100000E+01-0.100000E+01
 -0.100000E+01-0.100000E+01-0.100000E+01-0.100000E+01 0.581500E+00 0.245800E+01
  0.267600E+01 0.280750E+01 0.268700E+01 0.239450E+01 0.219850E+01 0.219250E+01
  0.171850E+01 0.181700E+01 0.153000E+01 0.152850E+01 0.199550E+01-0.523300E+00
 -0.100000E+01-0.100000E+01-0.100000E+01-0.100000E+01 0.124650E+01 0.153500E+00
  0.180050E+01 0.198450E+01 0.224550E+01 0.593000E+00 0.244950E+01 0.259050E+01
  0.256150E+01 0.224700E+01 0.205850E+01 0.165100E+01 0.149500E+01 0.158750E+01
  0.172950E+01 0.150100E+01-0.523300E+00 0.140000E+01 0.151200E+01 0.161100E+01
  0.157400E+01 0.154500E+01 0.164550E+01 0.170550E+01 0.181350E+01 0.189450E+01
  0.210950E+01 0.219100E+01 0.240400E+01 0.247250E+01 0.227050E+01 0.183800E+01
  0.198600E+01 0.180650E+01 0.188250E+01 0.199950E+01 0.182200E+01-0.523300E+00
  0.153300E+01 0.150750E+01 0.150450E+01 0.150050E+01 0.150250E+01 0.150650E+01
  0.157950E+01 0.195600E+01 0.214300E+01 0.249150E+01 0.283450E+01 0.283900E+01
  0.282250E+01 0.263950E+01 0.236150E+01 0.207500E+01 0.172300E+01 0.161650E+01
  0.218550E+01 0.196750E+01-0.523300E+00 0.149200E+01 0.139100E+01 0.140100E+01
  0.149650E+01 0.156350E+01 0.178800E+01 0.191600E+01 0.229250E+01 0.281350E+01
  0.294150E+01 0.297600E+01 0.313850E+01 0.302100E+01 0.270850E+01 0.218150E+01
  0.183400E+01 0.173700E+01 0.153450E+01 0.153300E+01 0.193000E+00-0.523300E+00
  0.129000E+01 0.144400E+01 0.146850E+01 0.154900E+01 0.177350E+01 0.192750E+01
  0.242100E+01 0.289550E+01 0.313550E+01 0.331600E+01 0.343200E+01 0.341400E+01
  0.305600E+01 0.259750E+01 0.244100E+01 0.198500E+01 0.126900E+01 0.189250E+01
  0.167400E+01 0.145550E+01-0.523300E+00-0.100000E+01 0.996500E+00 0.115650E+01
  0.121600E+01 0.161000E+01 0.199400E+01 0.250950E+01 0.320300E+01 0.341900E+01
  0.355850E+01 0.358350E+01 0.344400E+01 0.316750E+01 0.294850E+01 0.247400E+01
  0.186850E+01 0.179000E+01 0.135450E+01 0.187550E+01 0.162400E+01-0.523300E+00
  0.993500E+00 0.108150E+01 0.153650E+01 0.212600E+01 0.260150E+01 0.291800E+01
  0.329000E+01 0.350050E+01 0.364750E+01 0.368700E+01 0.370600E+01 0.357750E+01
  0.339200E+01 0.297950E+01 0.186050E+01 0.176200E+01 0.141150E+01 0.126100E+01
  0.121200E+01 0.126500E+00-0.523300E+00 0.877000E+00 0.927500E+00 0.119000E+01
  0.225950E+01 0.297100E+01 0.349950E+01 0.359350E+01 0.376050E+01 0.385800E+01
  0.386800E+01 0.380050E+01 0.352200E+01 0.331500E+01 0.288250E+01 0.208200E+01
  0.154200E+01 0.146000E+01 0.139600E+01 0.247500E+00-0.100000E+01-0.523300E+00
  0.635000E+00 0.127950E+01 0.167150E+01 0.171300E+01 0.278900E+01 0.337350E+01
  0.375450E+01 0.389500E+01 0.390350E+01 0.377850E+01 0.382650E+01 0.364550E+01
  0.342450E+01 0.325450E+01 0.273950E+01 0.172650E+01 0.142150E+01 0.140050E+01
 -0.100000E+01 0.130500E+00-0.523300E+00-0.100000E+01-0.100000E+01-0.100000E+01
 -0.100000E+01-0.100000E+01 0.364200E+01 0.382950E+01 0.388900E+01 0.384100E+01
  0.384700E+01 0.367450E+01 0.344100E+01 0.302650E+01 0.266350E+01 0.257500E+01
  0.247800E+01 0.153550E+01 0.148000E+01 0.214450E+01-0.940000E-01-0.523300E+00
 -0.100000E+01-0.100000E+01-0.100000E+01 0.218450E+01 0.234750E+01 0.214300E+01
  0.169000E+01 0.116300E+01 0.124000E+01 0.122550E+01 0.107600E+01 0.788500E+00
  0.730000E+00 0.539000E+00 0.464500E+00 0.504500E+00 0.577000E+00 0.587500E+00
  0.436500E+00 0.478000E+00-0.185200E+00 0.346550E+01 0.271350E+01 0.238850E+01
  0.223700E+01 0.189100E+01 0.164850E+01 0.162100E+01 0.119550E+01 0.135400E+01
  0.138050E+01 0.990500E+00 0.968500E+00 0.897500E+00 0.583000E+00 0.483000E+00
  0.601500E+00 0.505000E+00 0.485000E+00 0.522000E+00 0.507000E+00-0.185200E+00
  0.222850E+01 0.204300E+01 0.205300E+01 0.251550E+01 0.312300E+01 0.181550E+01
  0.135900E+01 0.139950E+01 0.165650E+01 0.153600E+01 0.116150E+01 0.747000E+00
  0.763500E+00 0.701000E+00 0.582500E+00 0.696000E+00 0.626000E+00 0.497500E+00
  0.520000E+00 0.482000E+00-0.185200E+00 0.149100E+01 0.136500E+01 0.138450E+01
  0.139800E+01 0.141300E+01 0.124650E+01 0.133550E+01 0.163150E+01 0.193400E+01
  0.182000E+01 0.146100E+01 0.910500E+00 0.660500E+00 0.568000E+00 0.663000E+00
  0.615500E+00 0.722500E+00 0.731000E+00 0.730500E+00 0.578000E+00-0.185200E+00
  0.714500E+00 0.869000E+00 0.864500E+00 0.872500E+00 0.849000E+00 0.894000E+00
  0.891000E+00 0.118350E+01 0.201150E+01 0.235850E+01 0.175500E+01 0.122450E+01
  0.759500E+00 0.533500E+00 0.558500E+00 0.584000E+00 0.563500E+00 0.601000E+00
  0.671000E+00 0.568000E+00-0.185200E+00 0.513000E+00 0.597000E+00 0.732500E+00
  0.755000E+00 0.705500E+00 0.572500E+00 0.587500E+00 0.170300E+01 0.226150E+01
  0.239250E+01 0.210600E+01 0.153000E+01 0.101950E+01 0.605500E+00 0.615000E+00
  0.627500E+00 0.655000E+00 0.625000E+00 0.564000E+00 0.582000E+00-0.185200E+00
  0.387500E+00 0.388500E+00 0.388500E+00 0.409000E+00 0.457000E+00 0.466000E+00
  0.490500E+00 0.108800E+01 0.254750E+01 0.317600E+01 0.250750E+01 0.177850E+01
  0.127350E+01 0.765000E+00 0.546500E+00 0.582000E+00 0.677000E+00 0.717500E+00
  0.561500E+00 0.562500E+00-0.185200E+00 0.380500E+00 0.380500E+00 0.383500E+00
  0.388000E+00 0.391000E+00 0.419500E+00 0.470000E+00 0.723500E+00 0.131650E+01
  0.262050E+01 0.284800E+01 0.224700E+01 0.156250E+01 0.988000E+00 0.562000E+00
  0.525500E+00 0.565500E+00 0.758500E+00 0.926000E+00 0.679500E+00-0.185200E+00
  0.380000E+00 0.380000E+00 0.408000E+00 0.459500E+00 0.386500E+00 0.384500E+00
  0.412000E+00 0.107250E+01 0.254650E+01 0.358850E+01 0.271350E+01 0.262200E+01
  0.208000E+01 0.125300E+01 0.750000E+00 0.544500E+00 0.744000E+00 0.633500E+00
  0.952000E+00 0.726500E+00-0.185200E+00-0.100000E+01-0.100000E+01-0.100000E+01
 -0.100000E+01-0.100000E+01-0.100000E+01-0.100000E+01-0.265500E+00 0.250900E+01
  0.390450E+01 0.341400E+01 0.287750E+01 0.217750E+01 0.144350E+01 0.831500E+00
  0.523000E+00 0.864500E+00 0.682500E+00 0.711000E+00 0.835000E+00-0.185200E+00
 -0.100000E+01-0.100000E+01-0.100000E+01-0.100000E+01-0.100000E+01-0.234000E+00
  0.470500E+00 0.658500E+00 0.168050E+01 0.210000E+01 0.279650E+01 0.271450E+01
  0.245950E+01 0.156250E+01 0.616000E+00 0.491500E+00 0.106150E+01 0.158900E+01
  0.101150E+01 0.643000E+00-0.185200E+00 0.741500E+00 0.796000E+00 0.824500E+00
  0.854000E+00 0.642500E+00 0.680500E+00 0.520500E+00 0.583000E+00 0.110600E+01
  0.217950E+01 0.242750E+01 0.277900E+01 0.234900E+01 0.120500E+01 0.559500E+00
  0.519000E+00 0.873500E+00 0.816500E+00 0.102300E+01 0.968000E+00-0.185200E+00
  0.696000E+00 0.660500E+00 0.634000E+00 0.647000E+00 0.640000E+00 0.681500E+00
  0.716500E+00 0.101950E+01 0.166800E+01 0.240100E+01 0.278650E+01 0.304850E+01
  0.191100E+01 0.808500E+00 0.670000E+00 0.674500E+00 0.782500E+00 0.764500E+00
  0.770000E+00 0.780500E+00-0.185200E+00 0.564500E+00 0.549000E+00 0.527000E+00
  0.520000E+00 0.499000E+00 0.480500E+00 0.554000E+00 0.132750E+01 0.223350E+01
  0.239950E+01 0.255450E+01 0.173450E+01 0.104350E+01 0.721500E+00 0.729500E+00
  0.668500E+00 0.606500E+00 0.831000E+00 0.618500E+00 0.584500E+00-0.185200E+00
  0.526500E+00 0.653000E+00 0.815000E+00 0.933500E+00 0.943500E+00 0.111100E+01
  0.136900E+01 0.193600E+01 0.266100E+01 0.264250E+01 0.213550E+01 0.133800E+01
  0.972000E+00 0.641500E+00 0.554000E+00 0.636000E+00 0.612500E+00 0.564000E+00
  0.648000E+00 0.790000E+00-0.185200E+00 0.467000E+00 0.463500E+00 0.497000E+00
  0.473000E+00 0.514000E+00 0.628000E+00 0.107050E+01 0.220800E+01 0.232650E+01
  0.228000E+01 0.166200E+01 0.110650E+01 0.804500E+00 0.620500E+00 0.582500E+00
  0.564500E+00 0.111550E+01 0.123450E+01 0.753000E+00 0.853000E+00-0.185200E+00
  0.561000E+00 0.563000E+00 0.593000E+00 0.661000E+00 0.671500E+00 0.716000E+00
  0.116400E+01 0.237300E+01 0.283500E+01 0.215750E+01 0.132550E+01 0.983000E+00
  0.780000E+00 0.693000E+00 0.104800E+01 0.128250E+01 0.910500E+00 0.876500E+00
  0.751500E+00 0.916000E+00-0.185200E+00 0.598000E+00 0.661500E+00 0.832500E+00
  0.807500E+00 0.955500E+00 0.988500E+00 0.126100E+01 0.209350E+01 0.157850E+01
  0.134850E+01 0.106950E+01 0.950500E+00 0.101750E+01 0.802000E+00 0.580000E+00
  0.578500E+00 0.618000E+00 0.711500E+00 0.118450E+01-0.253000E+00-0.185200E+00
  0.176700E+01 0.120350E+01 0.120650E+01 0.152650E+01 0.156450E+01 0.139800E+01
  0.227350E+01 0.295000E+01 0.142200E+01 0.114800E+01 0.113450E+01 0.943000E+00
  0.919000E+00 0.681500E+00 0.703500E+00 0.766500E+00 0.693000E+00 0.773500E+00
  0.111600E+01 0.157000E+00-0.185200E+00-0.100000E+01-0.100000E+01-0.100000E+01
 -0.100000E+01 0.217000E+00 0.161800E+01 0.255600E+01 0.229350E+01 0.135050E+01
  0.125850E+01 0.124150E+01 0.133250E+01 0.101750E+01 0.717500E+00 0.471000E+00
  0.564000E+00 0.632000E+00 0.726500E+00 0.556500E+00 0.403500E+00-0.185200E+00
 -0.100000E+01-0.100000E+01 0.329000E+01 0.264850E+01 0.238500E+01 0.241450E+01
  0.146900E+01 0.165750E+01 0.184950E+01 0.167550E+01 0.153400E+01 0.148050E+01
  0.156050E+01 0.106300E+01 0.799500E+00 0.834000E+00 0.749500E+00 0.614000E+00
  0.728000E+00 0.856500E+00-0.201650E+00 0.327100E+01 0.308700E+01 0.294650E+01
  0.258350E+01 0.204150E+01 0.151400E+01 0.122250E+01 0.184100E+01 0.193900E+01
  0.160000E+01 0.111050E+01 0.105500E+01 0.867000E+00 0.676500E+00 0.682500E+00
  0.775000E+00 0.796000E+00 0.844500E+00 0.115250E+01 0.112650E+01-0.201650E+00
  0.216200E+01 0.205050E+01 0.217950E+01 0.225950E+01 0.219350E+01 0.150950E+01
  0.138250E+01 0.216300E+01 0.246300E+01 0.199550E+01 0.122050E+01 0.859500E+00
  0.820500E+00 0.705500E+00 0.634500E+00 0.547000E+00 0.987500E+00 0.163200E+01
  0.554000E+00 0.522000E+00-0.201650E+00 0.191700E+01 0.170150E+01 0.165800E+01
  0.165800E+01 0.163450E+01 0.182900E+01 0.198300E+01 0.246800E+01 0.266550E+01
  0.237450E+01 0.159600E+01 0.977000E+00 0.742000E+00 0.713500E+00 0.695000E+00
  0.761000E+00 0.823000E+00 0.709000E+00 0.633000E+00 0.577500E+00-0.201650E+00
  0.710500E+00 0.831000E+00 0.995500E+00 0.101900E+01 0.898500E+00 0.903500E+00
  0.128050E+01 0.219350E+01 0.281800E+01 0.272600E+01 0.215950E+01 0.140300E+01
  0.884500E+00 0.695500E+00 0.703500E+00 0.700000E+00 0.691500E+00 0.667000E+00
  0.630500E+00 0.867500E+00-0.201650E+00 0.582500E+00 0.634500E+00 0.715000E+00
  0.827500E+00 0.769000E+00 0.591000E+00 0.119000E+01 0.277650E+01 0.362200E+01
  0.326350E+01 0.258900E+01 0.184800E+01 0.120550E+01 0.710500E+00 0.608000E+00
  0.750500E+00 0.701500E+00 0.790500E+00 0.745500E+00 0.103500E+01-0.201650E+00
  0.390500E+00 0.387500E+00 0.391500E+00 0.408000E+00 0.441500E+00 0.443500E+00
  0.823500E+00 0.258300E+01 0.395400E+01 0.395800E+01 0.318700E+01 0.228300E+01
  0.137500E+01 0.793000E+00 0.660500E+00 0.637500E+00 0.666000E+00 0.616000E+00
  0.674000E+00 0.217250E+01-0.201650E+00 0.384000E+00 0.382500E+00 0.382500E+00
  0.385500E+00 0.397000E+00 0.433500E+00 0.857000E+00 0.209750E+01 0.329850E+01
  0.419500E+01 0.370600E+01 0.274350E+01 0.178050E+01 0.991000E+00 0.622000E+00
  0.648500E+00 0.698500E+00 0.830500E+00 0.729500E+00 0.630000E+00-0.201650E+00
  0.380000E+00 0.381500E+00 0.381500E+00 0.381000E+00 0.381500E+00 0.406500E+00
  0.815500E+00 0.202800E+01 0.344650E+01 0.455600E+01 0.426200E+01 0.327800E+01
  0.220050E+01 0.133750E+01 0.681500E+00 0.636000E+00 0.103100E+01 0.866000E+00
  0.897500E+00 0.625500E+00-0.201650E+00-0.100000E+01-0.100000E+01-0.100000E+01
 -0.100000E+01-0.100000E+01-0.100000E+01-0.100000E+01 0.552500E+00 0.379200E+01
  0.457550E+01 0.362750E+01 0.339800E+01 0.257500E+01 0.152450E+01 0.669500E+00
  0.574500E+00 0.911000E+00 0.801500E+00 0.868000E+00 0.710500E+00-0.201650E+00
 -0.100000E+01-0.100000E+01-0.100000E+01-0.100000E+01 0.493500E+00 0.546000E+00
  0.798500E+00 0.134800E+01 0.238050E+01 0.304250E+01 0.325500E+01 0.330150E+01
  0.313750E+01 0.158650E+01 0.660500E+00 0.519000E+00 0.597500E+00 0.912000E+00
  0.142800E+01 0.201050E+01-0.201650E+00 0.968500E+00 0.117400E+01 0.106400E+01
  0.811000E+00 0.707000E+00 0.715000E+00 0.937500E+00 0.125100E+01 0.194500E+01
  0.284200E+01 0.334550E+01 0.385350E+01 0.269950E+01 0.958500E+00 0.630500E+00
  0.708000E+00 0.663500E+00 0.893500E+00 0.147950E+01 0.161550E+01-0.201650E+00
  0.750500E+00 0.764500E+00 0.774000E+00 0.774000E+00 0.775000E+00 0.764500E+00
  0.899000E+00 0.158900E+01 0.259800E+01 0.323450E+01 0.368350E+01 0.346550E+01
  0.154100E+01 0.845000E+00 0.840500E+00 0.700000E+00 0.774000E+00 0.900000E+00
  0.967000E+00 0.113050E+01-0.201650E+00 0.667000E+00 0.657000E+00 0.650000E+00
  0.678500E+00 0.646500E+00 0.667000E+00 0.117100E+01 0.211200E+01 0.276400E+01
  0.301150E+01 0.275450E+01 0.185000E+01 0.108200E+01 0.788000E+00 0.776000E+00
  0.734000E+00 0.812500E+00 0.846500E+00 0.106700E+01 0.635500E+00-0.201650E+00
  0.628500E+00 0.753000E+00 0.112200E+01 0.113750E+01 0.125500E+01 0.131900E+01
  0.165900E+01 0.293800E+01 0.326900E+01 0.275850E+01 0.192800E+01 0.129800E+01
  0.108300E+01 0.901000E+00 0.823000E+00 0.894500E+00 0.136250E+01 0.731000E+00
  0.967000E+00 0.951000E+00-0.201650E+00 0.493000E+00 0.482500E+00 0.507000E+00
  0.510500E+00 0.616000E+00 0.739500E+00 0.146100E+01 0.270050E+01 0.282950E+01
  0.213250E+01 0.155300E+01 0.119400E+01 0.924500E+00 0.761500E+00 0.767000E+00
  0.733000E+00 0.817000E+00 0.105250E+01 0.109300E+01 0.692000E+00-0.201650E+00
  0.598000E+00 0.613000E+00 0.652500E+00 0.695500E+00 0.725500E+00 0.869500E+00
  0.152400E+01 0.245500E+01 0.267550E+01 0.172800E+01 0.133600E+01 0.118100E+01
  0.117700E+01 0.115550E+01 0.116250E+01 0.130200E+01 0.106200E+01 0.108050E+01
  0.970500E+00 0.909500E+00-0.201650E+00 0.666000E+00 0.729500E+00 0.794000E+00
  0.965000E+00 0.111650E+01 0.118700E+01 0.255800E+01 0.323650E+01 0.202050E+01
  0.156750E+01 0.134650E+01 0.145350E+01 0.155300E+01 0.137600E+01 0.110900E+01
  0.965500E+00 0.886000E+00 0.972500E+00 0.721000E+00 0.121450E+01-0.201650E+00
  0.161250E+01 0.227000E+01 0.167200E+01 0.193350E+01 0.173950E+01 0.151500E+01
  0.189350E+01 0.171200E+01 0.136050E+01 0.142450E+01 0.148450E+01 0.172050E+01
  0.152700E+01 0.221700E+01 0.158550E+01 0.953000E+00 0.106250E+01 0.766500E+00
  0.794500E+00 0.840500E+00-0.201650E+00-0.100000E+01-0.100000E+01-0.100000E+01
 -0.100000E+01 0.284000E+00 0.175600E+01 0.179500E+01 0.156250E+01 0.166900E+01
  0.174350E+01 0.169500E+01 0.160750E+01 0.153350E+01 0.105950E+01 0.721000E+00
  0.586000E+00 0.569000E+00 0.530000E+00 0.584500E+00 0.414500E+00-0.201650E+00
 -0.100000E+01-0.100000E+01 0.308650E+01 0.237350E+01 0.224900E+01 0.159450E+01
  0.170250E+01 0.237050E+01 0.247200E+01 0.209850E+01 0.213150E+01 0.196800E+01
  0.175850E+01 0.914000E+00 0.968500E+00 0.671000E+00 0.758000E+00 0.897000E+00
  0.591000E+00 0.562500E+00-0.398100E+00 0.315400E+01 0.291300E+01 0.277400E+01
  0.237900E+01 0.194300E+01 0.146150E+01 0.177000E+01 0.249500E+01 0.262750E+01
  0.207750E+01 0.160250E+01 0.139750E+01 0.119150E+01 0.953000E+00 0.912000E+00
  0.843500E+00 0.137950E+01 0.108750E+01 0.636500E+00 0.709500E+00-0.398100E+00
  0.260850E+01 0.225700E+01 0.216450E+01 0.213050E+01 0.167650E+01 0.114700E+01
  0.175100E+01 0.268350E+01 0.272050E+01 0.223700E+01 0.141300E+01 0.116700E+01
  0.926000E+00 0.820000E+00 0.716000E+00 0.646500E+00 0.775000E+00 0.634500E+00
  0.609500E+00 0.530500E+00-0.398100E+00 0.191150E+01 0.178300E+01 0.176000E+01
  0.168050E+01 0.150000E+01 0.124400E+01 0.169700E+01 0.280200E+01 0.327350E+01
  0.281900E+01 0.173350E+01 0.107400E+01 0.920000E+00 0.855500E+00 0.751000E+00
  0.672500E+00 0.730500E+00 0.787000E+00 0.754000E+00 0.513500E+00-0.398100E+00
  0.678500E+00 0.737000E+00 0.787500E+00 0.822500E+00 0.754500E+00 0.967000E+00
  0.175000E+01 0.280450E+01 0.325600E+01 0.316500E+01 0.236000E+01 0.140200E+01
  0.902000E+00 0.716000E+00 0.810000E+00 0.100750E+01 0.699500E+00 0.728500E+00
  0.630000E+00 0.883000E+00-0.398100E+00 0.522000E+00 0.633000E+00 0.788500E+00
  0.954000E+00 0.831000E+00 0.111750E+01 0.236200E+01 0.367400E+01 0.390500E+01
  0.364300E+01 0.295250E+01 0.200650E+01 0.121950E+01 0.816500E+00 0.729000E+00
  0.825500E+00 0.886000E+00 0.106650E+01 0.919500E+00 0.857500E+00-0.398100E+00
  0.407500E+00 0.400000E+00 0.401000E+00 0.410000E+00 0.428000E+00 0.974500E+00
  0.245850E+01 0.398900E+01 0.484900E+01 0.441250E+01 0.362450E+01 0.257050E+01
  0.154050E+01 0.880500E+00 0.805000E+00 0.827000E+00 0.800000E+00 0.100200E+01
  0.803500E+00 0.869000E+00-0.398100E+00 0.385500E+00 0.412000E+00 0.392000E+00
  0.398000E+00 0.442500E+00 0.593500E+00 0.144000E+01 0.322000E+01 0.483750E+01
  0.489800E+01 0.422700E+01 0.322500E+01 0.195500E+01 0.102350E+01 0.625500E+00
  0.653000E+00 0.779000E+00 0.888000E+00 0.734000E+00 0.637500E+00-0.398100E+00
  0.381000E+00 0.380500E+00 0.379000E+00 0.380500E+00 0.398500E+00 0.635500E+00
  0.169850E+01 0.340000E+01 0.450150E+01 0.495950E+01 0.475450E+01 0.377900E+01
  0.213600E+01 0.119300E+01 0.659500E+00 0.756000E+00 0.765500E+00 0.623000E+00
  0.540500E+00 0.582500E+00-0.398100E+00-0.100000E+01-0.100000E+01-0.100000E+01
 -0.100000E+01-0.100000E+01-0.100000E+01-0.100000E+01 0.159450E+01 0.468050E+01
  0.427550E+01 0.403100E+01 0.362800E+01 0.268500E+01 0.124000E+01 0.669000E+00
  0.116550E+01 0.121000E+01 0.131000E+01 0.149650E+01 0.701000E+00-0.398100E+00
 -0.100000E+01-0.100000E+01-0.100000E+01-0.100000E+01 0.531000E+00 0.711500E+00
  0.219450E+01 0.286750E+01 0.323550E+01 0.369850E+01 0.377500E+01 0.384950E+01
  0.290650E+01 0.136700E+01 0.673000E+00 0.677500E+00 0.786000E+00 0.681500E+00
  0.100000E+01 0.858000E+00-0.398100E+00 0.157800E+01 0.156000E+01 0.164300E+01
  0.159600E+01 0.151150E+01 0.133750E+01 0.164850E+01 0.316700E+01 0.369000E+01
  0.366950E+01 0.419200E+01 0.392500E+01 0.201950E+01 0.850500E+00 0.741500E+00
  0.713500E+00 0.110300E+01 0.812000E+00 0.997500E+00 0.118800E+01-0.398100E+00
  0.932000E+00 0.917000E+00 0.949500E+00 0.980000E+00 0.953000E+00 0.937500E+00
  0.123050E+01 0.227550E+01 0.325650E+01 0.369800E+01 0.414100E+01 0.275250E+01
  0.108250E+01 0.896000E+00 0.945000E+00 0.104900E+01 0.123700E+01 0.107450E+01
  0.189850E+01 0.307650E+01-0.398100E+00 0.697000E+00 0.697000E+00 0.708000E+00
  0.736500E+00 0.674000E+00 0.794500E+00 0.124150E+01 0.212650E+01 0.292550E+01
  0.254650E+01 0.197900E+01 0.127200E+01 0.105000E+01 0.100400E+01 0.110550E+01
  0.114100E+01 0.943500E+00 0.826500E+00 0.800000E+00 0.677000E+00-0.398100E+00
  0.620000E+00 0.105850E+01 0.132950E+01 0.129800E+01 0.120900E+01 0.145600E+01
  0.187600E+01 0.297150E+01 0.317050E+01 0.221950E+01 0.162250E+01 0.138300E+01
  0.107650E+01 0.992500E+00 0.103250E+01 0.960500E+00 0.805500E+00 0.849000E+00
  0.116550E+01 0.134300E+01-0.398100E+00 0.544500E+00 0.561500E+00 0.521500E+00
  0.517500E+00 0.582000E+00 0.776500E+00 0.172350E+01 0.289850E+01 0.229250E+01
  0.171900E+01 0.162300E+01 0.141250E+01 0.127750E+01 0.119650E+01 0.116500E+01
  0.126150E+01 0.112250E+01 0.889000E+00 0.856000E+00 0.581500E+00-0.398100E+00
  0.706500E+00 0.721000E+00 0.701000E+00 0.742500E+00 0.812500E+00 0.103100E+01
  0.190250E+01 0.233900E+01 0.200750E+01 0.179850E+01 0.179900E+01 0.166750E+01
  0.162200E+01 0.177900E+01 0.170850E+01 0.148350E+01 0.139950E+01 0.109150E+01
  0.708500E+00 0.585500E+00-0.398100E+00 0.974000E+00 0.114050E+01 0.125000E+01
  0.135200E+01 0.134650E+01 0.160950E+01 0.227100E+01 0.199150E+01 0.197100E+01
  0.180300E+01 0.185050E+01 0.180500E+01 0.172750E+01 0.171250E+01 0.121600E+01
  0.911500E+00 0.121900E+01 0.151200E+01 0.913000E+00-0.420000E-01-0.398100E+00
  0.190450E+01 0.175250E+01 0.179950E+01 0.195800E+01 0.180150E+01 0.169100E+01
  0.166900E+01 0.194150E+01 0.237450E+01 0.215650E+01 0.224450E+01 0.281600E+01
  0.253250E+01 0.171250E+01 0.115200E+01 0.925500E+00 0.151650E+01 0.901000E+00
  0.528500E+00 0.817500E+00-0.398100E+00-0.100000E+01-0.100000E+01-0.100000E+01
 -0.100000E+01 0.205500E+00 0.131500E+01 0.143450E+01 0.209900E+01 0.235100E+01
  0.213700E+01 0.207800E+01 0.213350E+01 0.152700E+01 0.103350E+01 0.811000E+00
  0.143900E+01 0.121500E+01 0.945000E+00 0.668500E+00 0.723000E+00-0.398100E+00
 -0.100000E+01-0.100000E+01 0.272750E+01 0.240200E+01 0.188450E+01 0.146150E+01
  0.232200E+01 0.306400E+01 0.307500E+01 0.280050E+01 0.242150E+01 0.250250E+01
  0.261100E+01 0.229100E+01 0.111050E+01 0.734000E+00 0.918500E+00 0.148400E+01
  0.532000E+00 0.460500E+00-0.263500E+00 0.326700E+01 0.312300E+01 0.292100E+01
  0.249200E+01 0.127850E+01 0.134700E+01 0.279600E+01 0.329100E+01 0.276450E+01
  0.227250E+01 0.200550E+01 0.186200E+01 0.149550E+01 0.120850E+01 0.151900E+01
  0.167200E+01 0.106300E+01 0.115150E+01 0.633000E+00 0.505500E+00-0.263500E+00
  0.254650E+01 0.230550E+01 0.216050E+01 0.186050E+01 0.124200E+01 0.160450E+01
  0.274150E+01 0.337300E+01 0.301450E+01 0.231400E+01 0.153950E+01 0.135800E+01
  0.112850E+01 0.125600E+01 0.116500E+01 0.698500E+00 0.862000E+00 0.821000E+00
  0.119450E+01 0.577000E+00-0.263500E+00 0.201850E+01 0.181600E+01 0.195050E+01
  0.156550E+01 0.109750E+01 0.138900E+01 0.251750E+01 0.363600E+01 0.387200E+01
  0.285150E+01 0.160550E+01 0.118150E+01 0.107300E+01 0.102300E+01 0.869500E+00
  0.759500E+00 0.989500E+00 0.888500E+00 0.767500E+00 0.662500E+00-0.263500E+00
  0.753000E+00 0.713500E+00 0.761000E+00 0.723500E+00 0.879000E+00 0.168850E+01
  0.266950E+01 0.368550E+01 0.393150E+01 0.337100E+01 0.234100E+01 0.144050E+01
  0.103300E+01 0.807000E+00 0.749500E+00 0.795000E+00 0.679000E+00 0.893000E+00
  0.141700E+01 0.659500E+00-0.263500E+00 0.732500E+00 0.775500E+00 0.857000E+00
  0.872000E+00 0.101700E+01 0.200200E+01 0.277850E+01 0.432700E+01 0.453450E+01
  0.399150E+01 0.259000E+01 0.155750E+01 0.108100E+01 0.875000E+00 0.783500E+00
  0.837500E+00 0.701000E+00 0.615000E+00 0.659500E+00 0.799000E+00-0.263500E+00
  0.407000E+00 0.390500E+00 0.400500E+00 0.432500E+00 0.635500E+00 0.152000E+01
  0.314250E+01 0.498200E+01 0.532200E+01 0.507000E+01 0.394750E+01 0.247050E+01
  0.132900E+01 0.883500E+00 0.840000E+00 0.881500E+00 0.828500E+00 0.704000E+00
  0.664000E+00 0.663500E+00-0.263500E+00 0.384500E+00 0.395500E+00 0.397500E+00
  0.402000E+00 0.538000E+00 0.150600E+01 0.279850E+01 0.489500E+01 0.569950E+01
  0.519450E+01 0.466350E+01 0.340300E+01 0.180000E+01 0.947000E+00 0.815500E+00
  0.833500E+00 0.913000E+00 0.834500E+00 0.124050E+01 0.105500E+01-0.263500E+00
  0.380000E+00 0.380000E+00 0.381500E+00 0.381500E+00 0.437000E+00 0.703500E+00
  0.210500E+01 0.397700E+01 0.517850E+01 0.531650E+01 0.461700E+01 0.376900E+01
  0.212600E+01 0.126750E+01 0.751000E+00 0.581000E+00 0.726500E+00 0.826500E+00
  0.122850E+01 0.673000E+00-0.263500E+00-0.100000E+01-0.100000E+01-0.100000E+01
 -0.100000E+01-0.100000E+01-0.100000E+01-0.100000E+01 0.299050E+01 0.464250E+01
  0.479400E+01 0.448750E+01 0.379950E+01 0.258400E+01 0.120900E+01 0.621500E+00
  0.112850E+01 0.103400E+01 0.131150E+01 0.856500E+00 0.853000E+00-0.263500E+00
 -0.100000E+01-0.100000E+01-0.100000E+01-0.100000E+01 0.562500E+00 0.105850E+01
  0.209000E+01 0.340650E+01 0.458250E+01 0.456000E+01 0.487150E+01 0.388550E+01
  0.268100E+01 0.120200E+01 0.639000E+00 0.622500E+00 0.547000E+00 0.165850E+01
  0.333050E+01 0.171900E+01-0.263500E+00 0.200850E+01 0.204150E+01 0.199400E+01
  0.170250E+01 0.152400E+01 0.178500E+01 0.223950E+01 0.303550E+01 0.389700E+01
  0.397900E+01 0.423300E+01 0.308100E+01 0.122000E+01 0.783500E+00 0.743500E+00
  0.744000E+00 0.737500E+00 0.157650E+01 0.131150E+01 0.973500E+00-0.263500E+00
  0.151700E+01 0.147300E+01 0.138250E+01 0.129500E+01 0.122050E+01 0.138400E+01
  0.163150E+01 0.265700E+01 0.349050E+01 0.364000E+01 0.315800E+01 0.178050E+01
  0.108100E+01 0.111850E+01 0.985500E+00 0.832000E+00 0.866500E+00 0.970000E+00
  0.937000E+00 0.100250E+01-0.263500E+00 0.897000E+00 0.958500E+00 0.973000E+00
  0.883000E+00 0.884500E+00 0.872000E+00 0.146650E+01 0.237250E+01 0.253650E+01
  0.203500E+01 0.138450E+01 0.124450E+01 0.129500E+01 0.115750E+01 0.109250E+01
  0.114050E+01 0.110800E+01 0.882000E+00 0.137500E+01 0.116650E+01-0.263500E+00
  0.646000E+00 0.108050E+01 0.147250E+01 0.147850E+01 0.157250E+01 0.174400E+01
  0.211950E+01 0.253400E+01 0.198100E+01 0.153950E+01 0.151300E+01 0.147800E+01
  0.149150E+01 0.117600E+01 0.117200E+01 0.104150E+01 0.154950E+01 0.106550E+01
  0.874000E+00 0.605000E+00-0.263500E+00 0.554500E+00 0.529000E+00 0.551000E+00
  0.522500E+00 0.647000E+00 0.980500E+00 0.172750E+01 0.219450E+01 0.190600E+01
  0.208400E+01 0.192850E+01 0.180950E+01 0.168700E+01 0.184950E+01 0.157100E+01
  0.170600E+01 0.116750E+01 0.119050E+01 0.101450E+01 0.610500E+00-0.263500E+00
  0.733500E+00 0.790000E+00 0.782500E+00 0.783000E+00 0.968000E+00 0.140000E+01
  0.159750E+01 0.221400E+01 0.226200E+01 0.225850E+01 0.222800E+01 0.218400E+01
  0.224450E+01 0.254400E+01 0.300850E+01 0.259600E+01 0.223350E+01 0.105000E+01
  0.102800E+01 0.806500E+00-0.263500E+00 0.917500E+00 0.108100E+01 0.133550E+01
  0.136300E+01 0.123100E+01 0.121650E+01 0.158550E+01 0.246750E+01 0.275650E+01
  0.254400E+01 0.278650E+01 0.267250E+01 0.272050E+01 0.181400E+01 0.148750E+01
  0.985000E+00 0.988500E+00 0.106350E+01 0.697500E+00 0.891000E+00-0.263500E+00
  0.144400E+01 0.159500E+01 0.194400E+01 0.194400E+01 0.176700E+01 0.159150E+01
  0.248600E+01 0.281350E+01 0.284150E+01 0.281150E+01 0.333550E+01 0.315100E+01
  0.295050E+01 0.224900E+01 0.244600E+01 0.117450E+01 0.144900E+01 0.908500E+00
  0.131250E+01 0.588500E+00-0.263500E+00-0.100000E+01-0.100000E+01-0.100000E+01
 -0.100000E+01 0.680000E-01 0.152350E+01 0.273050E+01 0.305150E+01 0.309000E+01
  0.275000E+01 0.254050E+01 0.263700E+01 0.250450E+01 0.179900E+01 0.153050E+01
  0.125950E+01 0.772000E+00 0.683500E+00 0.123100E+01 0.694500E+00-0.263500E+00
 -0.100000E+01-0.100000E+01 0.295750E+01 0.194900E+01 0.145000E+01 0.201650E+01
  0.329200E+01 0.346650E+01 0.338900E+01 0.319650E+01 0.277350E+01 0.310600E+01
  0.305900E+01 0.344950E+01 0.310350E+01 0.219600E+01 0.128800E+01 0.787500E+00
  0.110850E+01 0.129350E+01-0.204750E+00 0.324350E+01 0.287550E+01 0.255800E+01
  0.132200E+01 0.177650E+01 0.226800E+01 0.349700E+01 0.368600E+01 0.318850E+01
  0.248050E+01 0.242150E+01 0.263150E+01 0.237400E+01 0.286100E+01 0.212650E+01
  0.978500E+00 0.109650E+01 0.923500E+00 0.558500E+00 0.455500E+00-0.204750E+00
  0.226500E+01 0.238050E+01 0.241200E+01 0.124900E+01 0.104200E+01 0.176550E+01
  0.318050E+01 0.381200E+01 0.339150E+01 0.229250E+01 0.209950E+01 0.171850E+01
  0.180550E+01 0.194700E+01 0.160000E+01 0.231100E+01 0.171200E+01 0.861500E+00
  0.104500E+01 0.193950E+01-0.204750E+00 0.194300E+01 0.177200E+01 0.150800E+01
  0.109850E+01 0.974000E+00 0.173900E+01 0.279450E+01 0.403700E+01 0.386550E+01
  0.270750E+01 0.169350E+01 0.145950E+01 0.130350E+01 0.106350E+01 0.120750E+01
  0.203600E+01 0.118200E+01 0.987500E+00 0.812000E+00 0.672000E+00-0.204750E+00
  0.580000E+00 0.749000E+00 0.808000E+00 0.723000E+00 0.126550E+01 0.221850E+01
  0.294100E+01 0.377400E+01 0.406150E+01 0.341600E+01 0.201800E+01 0.146650E+01
  0.112750E+01 0.110450E+01 0.926500E+00 0.968500E+00 0.101950E+01 0.807500E+00
  0.107400E+01 0.763500E+00-0.204750E+00 0.638500E+00 0.666000E+00 0.690500E+00
  0.834500E+00 0.123550E+01 0.238350E+01 0.354000E+01 0.463600E+01 0.445300E+01
  0.355050E+01 0.217050E+01 0.147350E+01 0.117300E+01 0.103150E+01 0.117950E+01
  0.947000E+00 0.101350E+01 0.135900E+01 0.766500E+00 0.131950E+01-0.204750E+00
  0.399000E+00 0.407000E+00 0.435000E+00 0.553000E+00 0.105950E+01 0.217000E+01
  0.325800E+01 0.459050E+01 0.513950E+01 0.506150E+01 0.366550E+01 0.216100E+01
  0.120850E+01 0.931000E+00 0.972500E+00 0.128800E+01 0.151800E+01 0.208250E+01
  0.208000E+01 0.122650E+01-0.204750E+00 0.385500E+00 0.440500E+00 0.459000E+00
  0.470000E+00 0.594500E+00 0.113250E+01 0.269100E+01 0.452300E+01 0.521800E+01
  0.497700E+01 0.415700E+01 0.282550E+01 0.147250E+01 0.888000E+00 0.916000E+00
  0.949500E+00 0.900500E+00 0.881000E+00 0.763000E+00 0.752500E+00-0.204750E+00
  0.382500E+00 0.379500E+00 0.381000E+00 0.393500E+00 0.571500E+00 0.142000E+01
  0.232950E+01 0.393700E+01 0.524800E+01 0.520400E+01 0.427850E+01 0.333200E+01
  0.203750E+01 0.114250E+01 0.652500E+00 0.691000E+00 0.657500E+00 0.159000E+01
  0.172650E+01 0.738500E+00-0.204750E+00-0.100000E+01-0.100000E+01-0.100000E+01
 -0.100000E+01-0.100000E+01-0.100000E+01-0.100000E+01 0.156800E+01 0.482650E+01
  0.505400E+01 0.450500E+01 0.367500E+01 0.208550E+01 0.817000E+00 0.657000E+00
  0.735500E+00 0.741500E+00 0.636000E+00 0.633000E+00 0.711000E+00-0.204750E+00
 -0.100000E+01-0.100000E+01-0.100000E+01-0.236000E+00 0.656000E+00 0.181200E+01
  0.335450E+01 0.427750E+01 0.485850E+01 0.521000E+01 0.509750E+01 0.361500E+01
  0.194600E+01 0.114700E+01 0.896500E+00 0.907500E+00 0.808000E+00 0.838500E+00
  0.787500E+00 0.976000E+00-0.204750E+00 0.379500E+01 0.362350E+01 0.318500E+01
  0.242550E+01 0.231150E+01 0.256750E+01 0.292500E+01 0.402750E+01 0.508750E+01
  0.438300E+01 0.307900E+01 0.158500E+01 0.939000E+00 0.938000E+00 0.995000E+00
  0.831000E+00 0.836000E+00 0.797000E+00 0.778500E+00 0.898500E+00-0.204750E+00
  0.237400E+01 0.220800E+01 0.206850E+01 0.191950E+01 0.177800E+01 0.180400E+01
  0.217500E+01 0.288000E+01 0.310200E+01 0.215350E+01 0.157300E+01 0.129850E+01
  0.133850E+01 0.114250E+01 0.103550E+01 0.131400E+01 0.232350E+01 0.221750E+01
  0.824000E+00 0.666000E+00-0.204750E+00 0.874500E+00 0.102600E+01 0.109800E+01
  0.137650E+01 0.128050E+01 0.119450E+01 0.164350E+01 0.172700E+01 0.175850E+01
  0.126400E+01 0.125500E+01 0.129200E+01 0.142750E+01 0.138300E+01 0.100500E+01
  0.870000E+00 0.103400E+01 0.684500E+00 0.837500E+00 0.517000E+00-0.204750E+00
  0.767000E+00 0.145450E+01 0.195850E+01 0.193850E+01 0.169550E+01 0.142000E+01
  0.142650E+01 0.192350E+01 0.162900E+01 0.161700E+01 0.161250E+01 0.168750E+01
  0.176750E+01 0.206700E+01 0.175150E+01 0.185000E+01 0.163700E+01 0.820000E+00
  0.779000E+00 0.622000E+00-0.204750E+00 0.742500E+00 0.616000E+00 0.584000E+00
  0.632500E+00 0.660000E+00 0.112850E+01 0.205250E+01 0.227250E+01 0.198300E+01
  0.240750E+01 0.245200E+01 0.239550E+01 0.273900E+01 0.258950E+01 0.255650E+01
  0.197850E+01 0.883500E+00 0.103300E+01 0.832500E+00 0.728000E+00-0.204750E+00
  0.716000E+00 0.704000E+00 0.738500E+00 0.830000E+00 0.105650E+01 0.124050E+01
  0.197600E+01 0.248500E+01 0.262300E+01 0.278750E+01 0.314650E+01 0.323800E+01
  0.388350E+01 0.398300E+01 0.306500E+01 0.125350E+01 0.835000E+00 0.882500E+00
  0.105050E+01 0.128050E+01-0.204750E+00 0.119200E+01 0.131200E+01 0.123250E+01
  0.122750E+01 0.122600E+01 0.174900E+01 0.242150E+01 0.327450E+01 0.367050E+01
  0.355100E+01 0.395250E+01 0.410550E+01 0.367750E+01 0.318700E+01 0.817850E+01
  0.717250E+01 0.868000E+00 0.650000E+00 0.558000E+00-0.270000E+00-0.204750E+00
  0.147300E+01 0.162600E+01 0.194500E+01 0.191400E+01 0.126650E+01 0.207300E+01
  0.311900E+01 0.320650E+01 0.359500E+01 0.379750E+01 0.371750E+01 0.364550E+01
  0.356900E+01 0.292950E+01 0.775200E+01 0.766500E+00 0.712500E+00 0.506000E+00
  0.119400E+01 0.339000E+00-0.204750E+00-0.100000E+01-0.100000E+01-0.100000E+01
 -0.100000E+01 0.302000E+00 0.238650E+01 0.361950E+01 0.374950E+01 0.388500E+01
  0.320750E+01 0.319550E+01 0.294450E+01 0.434300E+01 0.347850E+01 0.280850E+01
  0.309450E+01 0.108150E+01 0.832000E+00 0.685000E+00 0.893500E+00-0.204750E+00
 -0.100000E+01-0.100000E+01 0.325000E+00 0.224400E+01 0.163100E+01 0.253000E+01
  0.375700E+01 0.342150E+01 0.347600E+01 0.315200E+01 0.341500E+01 0.295300E+01
  0.230300E+01 0.163650E+01 0.420200E+01 0.990000E+00 0.110350E+02 0.662400E+01
  0.631000E+00 0.631000E+00-0.134300E+00 0.330800E+01 0.257650E+01 0.187400E+01
  0.120050E+01 0.172900E+01 0.313700E+01 0.373200E+01 0.355600E+01 0.324200E+01
  0.329850E+01 0.314800E+01 0.292000E+01 0.149800E+01 0.197050E+01 0.408900E+01
  0.666950E+01 0.309500E+01 0.498000E+00 0.108600E+01 0.660000E+00-0.134300E+00
  0.260000E+01 0.212850E+01 0.148200E+01 0.131350E+01 0.138650E+01 0.243750E+01
  0.341300E+01 0.378450E+01 0.290250E+01 0.248650E+01 0.216000E+01 0.183450E+01
  0.168750E+01 0.212950E+01 0.164650E+01 0.780500E+00 0.573000E+00 0.461500E+00
  0.518500E+00 0.512000E+00-0.134300E+00 0.192150E+01 0.174550E+01 0.129050E+01
  0.109350E+01 0.127000E+01 0.160600E+01 0.295800E+01 0.385500E+01 0.329150E+01
  0.220350E+01 0.168150E+01 0.136600E+01 0.185100E+01 0.202400E+01 0.125300E+01
  0.104550E+01 0.152550E+01 0.966000E+00 0.110350E+01 0.946000E+00-0.134300E+00
  0.550500E+00 0.678500E+00 0.652000E+00 0.624500E+00 0.816000E+00 0.203150E+01
  0.319800E+01 0.366850E+01 0.357000E+01 0.249450E+01 0.186250E+01 0.193250E+01
  0.150500E+01 0.142950E+01 0.100900E+01 0.142600E+01 0.540800E+01 0.414600E+01
  0.768000E+00 0.586500E+00-0.134300E+00 0.626500E+00 0.645000E+00 0.659500E+00
  0.790500E+00 0.138850E+01 0.245250E+01 0.330400E+01 0.427850E+01 0.400500E+01
  0.272700E+01 0.161150E+01 0.122050E+01 0.111250E+01 0.137500E+01 0.937500E+00
  0.136400E+01 0.141600E+01 0.963500E+00 0.698500E+00 0.959000E+00-0.134300E+00
  0.403500E+00 0.421000E+00 0.532500E+00 0.900000E+00 0.139700E+01 0.236050E+01
  0.334300E+01 0.457000E+01 0.473050E+01 0.403900E+01 0.301600E+01 0.203650E+01
  0.146850E+01 0.105100E+01 0.158900E+01 0.124200E+01 0.201800E+01 0.354800E+01
  0.804500E+00 0.931000E+00-0.134300E+00 0.390000E+00 0.393000E+00 0.715500E+00
  0.716500E+00 0.757000E+00 0.187450E+01 0.343700E+01 0.413350E+01 0.443000E+01
  0.398600E+01 0.315100E+01 0.191050E+01 0.138000E+01 0.117950E+01 0.835500E+00
  0.728000E+00 0.991000E+00 0.998500E+00 0.106250E+01 0.698000E+00-0.134300E+00
  0.379500E+00 0.380500E+00 0.387000E+00 0.403000E+00 0.607500E+00 0.151900E+01
  0.311500E+01 0.462000E+01 0.552250E+01 0.493100E+01 0.456800E+01 0.294400E+01
  0.131900E+01 0.107650E+01 0.591000E+00 0.772500E+00 0.732000E+00 0.107800E+01
  0.124900E+01 0.807500E+00-0.134300E+00-0.100000E+01-0.100000E+01-0.100000E+01
 -0.100000E+01-0.100000E+01-0.100000E+01-0.100000E+01 0.450500E+01 0.540750E+01
  0.505350E+01 0.453500E+01 0.333800E+01 0.190050E+01 0.739000E+00 0.647500E+00
  0.911000E+00 0.105250E+01 0.496200E+01 0.325650E+01 0.120300E+01-0.134300E+00
 -0.100000E+01-0.100000E+01-0.100000E+01-0.100000E+01 0.524000E+00 0.106250E+01
  0.294050E+01 0.444800E+01 0.400250E+01 0.449300E+01 0.388600E+01 0.284500E+01
  0.140350E+01 0.784500E+00 0.624000E+00 0.734500E+00 0.153300E+01 0.102300E+01
  0.993500E+00 0.144850E+01-0.134300E+00 0.360550E+01 0.389000E+01 0.379750E+01
  0.355700E+01 0.254450E+01 0.243100E+01 0.379900E+01 0.429900E+01 0.421300E+01
  0.330250E+01 0.246150E+01 0.144550E+01 0.867000E+00 0.820000E+00 0.545000E+00
  0.839000E+00 0.115150E+01 0.114100E+01 0.155150E+01 0.161350E+01-0.134300E+00
  0.333200E+01 0.318650E+01 0.295150E+01 0.281400E+01 0.272050E+01 0.258850E+01
  0.272450E+01 0.328350E+01 0.277750E+01 0.170250E+01 0.127700E+01 0.142300E+01
  0.142900E+01 0.115000E+01 0.914000E+00 0.892000E+00 0.791500E+00 0.859000E+00
  0.815000E+00 0.575500E+00-0.134300E+00 0.119250E+01 0.109850E+01 0.121150E+01
  0.144700E+01 0.162350E+01 0.194150E+01 0.233550E+01 0.166200E+01 0.118350E+01
  0.121600E+01 0.165150E+01 0.161250E+01 0.157000E+01 0.136400E+01 0.205900E+01
  0.156950E+01 0.176750E+01 0.183950E+01 0.125600E+01-0.277000E+00-0.134300E+00
  0.102500E+01 0.134750E+01 0.146600E+01 0.163950E+01 0.166750E+01 0.139750E+01
  0.140950E+01 0.141250E+01 0.165550E+01 0.184500E+01 0.241600E+01 0.231250E+01
  0.242400E+01 0.194600E+01 0.141650E+01 0.236450E+01 0.427350E+01 0.149250E+01
  0.825000E+00 0.660500E+00-0.134300E+00-0.196500E+00 0.581500E+00 0.538500E+00
  0.530000E+00 0.698000E+00 0.191100E+01 0.161800E+01 0.170650E+01 0.223550E+01
  0.247200E+01 0.296500E+01 0.307550E+01 0.318050E+01 0.349050E+01 0.348350E+01
  0.349950E+01 0.180700E+01 0.107000E+01 0.798000E+00 0.631500E+00-0.134300E+00
  0.296800E+01 0.286500E+01 0.220300E+01 0.155250E+01 0.131100E+01 0.177650E+01
  0.227500E+01 0.278600E+01 0.317100E+01 0.389650E+01 0.431900E+01 0.473800E+01
  0.424000E+01 0.465100E+01 0.464050E+01 0.285600E+01 0.235700E+01 0.145850E+01
  0.834000E+00 0.620500E+00-0.134300E+00 0.108750E+01 0.911500E+00 0.114450E+01
  0.174800E+01 0.171800E+01 0.223250E+01 0.339850E+01 0.370500E+01 0.435850E+01
  0.436500E+01 0.497900E+01 0.358250E+01 0.286250E+01 0.319700E+01 0.254250E+01
  0.111150E+01 0.969500E+00 0.558500E+00 0.777000E+00 0.536000E+00-0.134300E+00
  0.245500E+01 0.196200E+01 0.978500E+00 0.131000E+01 0.211650E+01 0.286100E+01
  0.361150E+01 0.333450E+01 0.389300E+01 0.413500E+01 0.429550E+01 0.403550E+01
  0.576750E+01 0.572300E+01 0.160950E+01 0.112100E+01 0.130400E+01 0.762500E+00
  0.733000E+00-0.138000E+00-0.134300E+00-0.100000E+01-0.100000E+01-0.100000E+01
 -0.100000E+01 0.603500E+00 0.328650E+01 0.432850E+01 0.421200E+01 0.426450E+01
  0.365900E+01 0.364800E+01 0.370850E+01 0.441200E+01 0.382350E+01 0.266900E+01
  0.190900E+01 0.145650E+01 0.989000E+00 0.575500E+00-0.298500E+00-0.134300E+00
 -0.100000E+01-0.100000E+01-0.181000E+00-0.100000E+01 0.140950E+01 0.307650E+01
  0.374350E+01 0.334000E+01 0.335550E+01 0.334800E+01 0.376350E+01 0.272400E+01
  0.383150E+01 0.375100E+01 0.179500E+01 0.127650E+01-0.259500E+00 0.338550E+01
  0.288950E+01-0.100000E+01-0.627300E+00 0.312050E+01 0.230700E+01 0.115250E+01
  0.122850E+01 0.210900E+01 0.295950E+01 0.304200E+01 0.333550E+01 0.282700E+01
  0.274600E+01 0.244900E+01 0.330800E+01 0.426500E+01 0.128050E+01 0.117400E+01
  0.169500E+01 0.376500E+00 0.149700E+01 0.547000E+00-0.100000E+01-0.627300E+00
  0.194200E+01 0.125500E+01 0.982000E+00 0.690000E+00 0.180250E+01 0.257750E+01
  0.354800E+01 0.339350E+01 0.234000E+01 0.194450E+01 0.134150E+01 0.186900E+01
  0.188450E+01 0.953500E+00 0.155400E+01 0.101700E+01 0.387000E+00-0.298500E+00
 -0.301500E+00-0.191000E+00-0.627300E+00 0.146050E+01 0.125650E+01 0.752000E+00
  0.777000E+00 0.169400E+01 0.227400E+01 0.283100E+01 0.391850E+01 0.314000E+01
  0.207700E+01 0.174250E+01 0.213550E+01 0.184750E+01 0.151450E+01 0.176800E+01
  0.201450E+01 0.196750E+01 0.186850E+01 0.192400E+01 0.245500E+00-0.627300E+00
  0.421500E+00 0.828500E+00 0.792500E+00 0.880000E+00 0.192100E+01 0.231750E+01
  0.266300E+01 0.314800E+01 0.313400E+01 0.215050E+01 0.197400E+01 0.147500E+01
  0.147950E+01 0.886000E+00 0.808000E+00 0.104750E+01 0.134900E+01 0.109500E+01
  0.176100E+01 0.173150E+01-0.627300E+00 0.560000E+00 0.681000E+00 0.752500E+00
  0.900500E+00 0.213650E+01 0.219600E+01 0.366050E+01 0.413050E+01 0.359200E+01
  0.303600E+01 0.197050E+01 0.140500E+01 0.104050E+01 0.100000E+01 0.104000E+01
  0.901500E+00 0.736000E+00 0.767500E+00 0.580000E+00 0.123650E+01-0.627300E+00
  0.458500E+00 0.492000E+00 0.656000E+00 0.682000E+00 0.135700E+01 0.233950E+01
  0.280950E+01 0.278100E+01 0.334850E+01 0.319050E+01 0.234950E+01 0.158200E+01
  0.104600E+01 0.864500E+00 0.752000E+00 0.618500E+00 0.485500E+00 0.757500E+00
  0.604500E+00 0.573500E+00-0.627300E+00 0.392500E+00 0.396000E+00 0.425000E+00
  0.656500E+00 0.836000E+00 0.156700E+01 0.246350E+01 0.349000E+01 0.345950E+01
  0.352750E+01 0.351500E+01 0.218900E+01 0.123700E+01 0.946000E+00 0.140300E+01
  0.725500E+00 0.527500E+00 0.469000E+00 0.519500E+00 0.691500E+00-0.627300E+00
  0.531000E+00 0.432500E+00 0.380000E+00 0.424500E+00 0.588000E+00 0.148650E+01
  0.207450E+01 0.377800E+01 0.494300E+01 0.487200E+01 0.399150E+01 0.234000E+01
  0.132200E+01 0.946500E+00 0.573000E+00 0.565500E+00 0.426000E+00 0.588500E+00
  0.748500E+00 0.119350E+01-0.627300E+00-0.100000E+01-0.100000E+01-0.100000E+01
 -0.100000E+01-0.100000E+01-0.100000E+01-0.100000E+01 0.241250E+01 0.600700E+01
  0.537800E+01 0.407950E+01 0.250150E+01 0.157650E+01 0.767000E+00 0.888500E+00
  0.420000E+00 0.877000E+00 0.689500E+00 0.589000E+00 0.529500E+00-0.627300E+00
 -0.100000E+01-0.100000E+01-0.100000E+01-0.100000E+01 0.471000E+00-0.189500E+00
  0.155950E+01 0.306000E+01 0.368600E+01 0.198550E+01 0.280650E+01 0.147150E+01
  0.944000E+00 0.582500E+00 0.451500E+00 0.132800E+01 0.872500E+00 0.855500E+00
  0.162450E+01 0.825000E+00-0.627300E+00 0.307550E+01 0.328350E+01 0.357850E+01
  0.368250E+01 0.332100E+01 0.358600E+01 0.394150E+01 0.480750E+01 0.389050E+01
  0.226900E+01 0.101000E+01 0.150950E+01 0.107100E+01 0.910500E+00 0.938000E+00
  0.154100E+01 0.137600E+01 0.132800E+01 0.151200E+01 0.932000E+00-0.627300E+00
  0.220400E+01 0.209150E+01 0.201650E+01 0.201000E+01 0.189300E+01 0.186700E+01
  0.174600E+01 0.127400E+01 0.122350E+01 0.103450E+01 0.987500E+00 0.113350E+01
  0.197900E+01 0.251800E+01 0.221900E+01 0.118850E+01 0.610500E+00 0.828000E+00
  0.167500E+01 0.164600E+01-0.627300E+00 0.101800E+01 0.923500E+00 0.816500E+00
  0.794500E+00 0.119050E+01 0.105900E+01 0.124550E+01 0.119900E+01 0.205400E+01
  0.270100E+01 0.141550E+01 0.196000E+01 0.257700E+01 0.235200E+01 0.137900E+01
  0.901500E+00 0.110750E+01 0.146200E+01 0.761000E+00-0.270500E+00-0.627300E+00
  0.800000E+00 0.159050E+01 0.154250E+01 0.179200E+01 0.148850E+01 0.111650E+01
  0.742000E+00 0.305950E+01 0.327650E+01 0.248500E+01 0.296600E+01 0.423400E+01
  0.376200E+01 0.212000E+01 0.306100E+01 0.436300E+01 0.482500E+00 0.331900E+01
  0.229700E+01 0.564500E+00-0.627300E+00-0.100000E+01 0.613000E+00 0.792500E+00
  0.794500E+00 0.732500E+00 0.127900E+01 0.161950E+01 0.259900E+01 0.271250E+01
  0.395950E+01 0.452450E+01 0.452150E+01 0.444300E+01 0.663200E+01 0.378700E+01
  0.703000E+00 0.638500E+00 0.509000E+00 0.384000E+00 0.406000E+00-0.627300E+00
  0.858000E+00 0.868500E+00 0.938000E+00 0.150250E+01 0.146350E+01 0.195500E+01
  0.224100E+01 0.285250E+01 0.395850E+01 0.492050E+01 0.511450E+01 0.555150E+01
  0.627200E+01 0.499250E+01 0.200350E+01 0.906000E+00 0.722500E+00 0.484500E+00
  0.434500E+00-0.293000E+00-0.627300E+00 0.989500E+00 0.943500E+00 0.892500E+00
  0.688000E+00 0.175850E+01 0.324750E+01 0.466150E+01 0.605800E+01 0.582650E+01
  0.563500E+01 0.459350E+01 0.615750E+01 0.618600E+01 0.424750E+01 0.188100E+01
  0.160500E+01 0.902500E+00 0.834500E+00-0.269000E+00-0.100000E+01-0.627300E+00
  0.169000E+01 0.813000E+00 0.822500E+00 0.129950E+01 0.204900E+01 0.314450E+01
  0.483650E+01 0.468700E+01 0.440500E+01 0.415850E+01 0.681600E+01 0.498650E+01
  0.332300E+01 0.546450E+01 0.620250E+01 0.255250E+01 0.878500E+00 0.561000E+00
 -0.100000E+01-0.309000E+00-0.627300E+00-0.100000E+01-0.100000E+01-0.100000E+01
 -0.100000E+01-0.100000E+01 0.364300E+01 0.404750E+01 0.454150E+01 0.338800E+01
  0.497200E+01 0.559200E+01 0.487950E+01 0.186600E+01 0.206100E+01 0.115700E+01
  0.217450E+01 0.659500E+00 0.656500E+00 0.753500E+00-0.275500E+00-0.627300E+00
  0.220800E+07 0.741950E+08 0.244700E+09 0.934750E+09 0.415950E+10 0.213600E+11
  0.703050E+11 0.199750E+12 0.557200E+12 0.112125E+13 0.139550E+13 0.761250E+12
  0.291950E+12 0.106825E+12 0.390950E+11 0.352950E+08 0.119860E+10 0.385450E+10
  0.156100E+11 0.478350E+11 0.115350E+12 0.180400E+12 0.291000E+12 0.652950E+12
  0.101730E+13 0.108250E+13 0.551900E+12 0.210050E+12 0.768400E+11 0.281300E+11
  0.622000E+08 0.189100E+10 0.425700E+10 0.138900E+11 0.427400E+11 0.113850E+12
  0.201050E+12 0.348700E+12 0.770350E+12 0.109050E+13 0.954400E+12 0.452900E+12
  0.170850E+12 0.624900E+11 0.228900E+11 0.401800E+08 0.130050E+10 0.369350E+10
  0.163900E+11 0.616950E+11 0.186850E+12 0.344900E+12 0.608400E+12 0.964950E+12
  0.989550E+12 0.702700E+12 0.316600E+12 0.118700E+12 0.434400E+11 0.159200E+11
  0.381600E+08 0.119420E+10 0.300600E+10 0.136000E+11 0.612400E+11 0.219900E+12
  0.440600E+12 0.772300E+12 0.101300E+13 0.891400E+12 0.601450E+12 0.271250E+12
  0.101785E+12 0.372550E+11 0.136550E+11 0.387000E+08 0.128650E+10 0.388200E+10
  0.186750E+11 0.789800E+11 0.261700E+12 0.491800E+12 0.886300E+12 0.105450E+13
  0.802300E+12 0.505250E+12 0.223250E+12 0.835750E+11 0.306050E+11 0.112210E+11
  0.655000E+08 0.209150E+10 0.552900E+10 0.250900E+11 0.973300E+11 0.295500E+12
  0.547450E+12 0.989850E+12 0.104700E+13 0.713350E+12 0.414100E+12 0.177650E+12
  0.662750E+11 0.242700E+11 0.890150E+10 0.812000E+08 0.260450E+10 0.706450E+10
  0.323400E+11 0.128150E+12 0.399650E+12 0.678500E+12 0.105900E+13 0.980100E+12
  0.600800E+12 0.323300E+12 0.135850E+12 0.505800E+11 0.185300E+11 0.679850E+10
  0.103950E+09 0.344750E+10 0.104325E+11 0.500300E+11 0.195950E+12 0.554900E+12
  0.837950E+12 0.105450E+13 0.833950E+12 0.484850E+12 0.256450E+12 0.107875E+12
  0.401950E+11 0.147300E+11 0.540400E+10 0.109250E+09 0.361850E+10 0.110200E+11
  0.639650E+11 0.240050E+12 0.680100E+12 0.955200E+12 0.102395E+13 0.741050E+12
  0.410700E+12 0.210200E+12 0.875400E+11 0.325750E+11 0.119400E+11 0.438150E+10
  0.106150E+09 0.337350E+10 0.930800E+10 0.503800E+11 0.229950E+12 0.763800E+12
  0.109150E+13 0.105180E+13 0.703900E+12 0.380250E+12 0.196400E+12 0.824850E+11
  0.307350E+11 0.112645E+11 0.413350E+10 0.541500E+08 0.223200E+10 0.116900E+11
  0.753850E+11 0.319950E+12 0.916650E+12 0.119400E+13 0.989650E+12 0.597200E+12
  0.305950E+12 0.151950E+12 0.628300E+11 0.233750E+11 0.856950E+10 0.314500E+10
  0.550500E+08 0.233700E+10 0.120850E+11 0.115490E+12 0.448800E+12 0.106585E+13
  0.119550E+13 0.869400E+12 0.493000E+12 0.248400E+12 0.124800E+12 0.518250E+11
  0.192900E+11 0.707200E+10 0.259550E+10 0.757500E+08 0.336050E+10 0.210300E+11
  0.168150E+12 0.672100E+12 0.120900E+13 0.109500E+13 0.738950E+12 0.418850E+12
  0.214850E+12 0.110750E+12 0.461900E+11 0.171950E+11 0.630350E+10 0.231300E+10
  0.220250E+09 0.976750E+10 0.558900E+11 0.299300E+12 0.857050E+12 0.127400E+13
  0.101500E+13 0.599250E+12 0.304600E+12 0.146450E+12 0.725150E+11 0.303300E+11
  0.113090E+11 0.414650E+10 0.152150E+10 0.294300E+09 0.123230E+11 0.642050E+11
  0.436000E+12 0.106400E+13 0.124750E+13 0.865300E+12 0.485400E+12 0.247900E+12
  0.122550E+12 0.628500E+11 0.268100E+11 0.100210E+11 0.367400E+10 0.134800E+10
  0.214050E+09 0.913300E+10 0.483500E+11 0.381550E+12 0.116850E+13 0.131300E+13
  0.870550E+12 0.480250E+12 0.241400E+12 0.118150E+12 0.592750E+11 0.249000E+11
  0.928450E+10 0.340500E+10 0.124950E+10 0.470650E+09 0.213400E+11 0.124000E+12
  0.654800E+12 0.130200E+13 0.118950E+13 0.713650E+12 0.368900E+12 0.183400E+12
  0.910850E+11 0.470900E+11 0.201950E+11 0.755150E+10 0.276900E+10 0.101570E+10
  0.577000E+09 0.258550E+11 0.145900E+12 0.716550E+12 0.138400E+13 0.119350E+13
  0.678500E+12 0.334500E+12 0.159400E+12 0.770850E+11 0.395700E+11 0.171000E+11
  0.640400E+10 0.234850E+10 0.861650E+09 0.102450E+10 0.457200E+11 0.248100E+12
  0.100045E+13 0.141750E+13 0.101925E+13 0.536700E+12 0.258800E+12 0.124000E+12
  0.603050E+11 0.307650E+11 0.132350E+11 0.495500E+10 0.181700E+10 0.666700E+09
  0.892500E+09 0.434300E+11 0.284850E+12 0.109605E+13 0.144400E+13 0.976900E+12
  0.510750E+12 0.247550E+12 0.118950E+12 0.572150E+11 0.282600E+11 0.119600E+11
  0.446850E+10 0.163900E+10 0.601450E+09
