MEAN OF DIFFERENTIAL NUMBER FLUX, ELECTRONS/CM2/SEC/STER/EV, 
NORMALIZED TO 1 ERG/CM2/SEC/STER OVER ENERGY RANGE 300EV TO 100KEV

BAND 2

 .1671E+07 .6468E+06 .1361E+06 .8849E+05 .3501E+05 
 .2185E+05 .7572E+04 .3776E+04 .1206E+04 .3459E+03 
 .1017E+03 .3053E+02 .4614E+01 .7734E+00 .1655E+00 

BAND 3

 .1107E+07 .7417E+06 .1979E+06 .1190E+06 .3395E+05 
 .2010E+05 .6450E+04 .3300E+04 .1084E+04 .3141E+03 
 .8736E+02 .2266E+02 .3853E+01 .6661E+00 .1603E+00 

BAND 4

 .6620E+06 .6508E+06 .2679E+06 .1419E+06 .4173E+05 
 .2346E+05 .6633E+04 .3006E+04 .9026E+03 .2304E+03 
 .5616E+02 .1312E+02 .2236E+01 .3982E+00 .8819E-01 

BAND 5

 .5037E+06 .4994E+06 .2810E+06 .1498E+06 .4865E+05 
 .2774E+05 .7468E+04 .3123E+04 .8505E+03 .2102E+03 
 .5261E+02 .1234E+02 .1671E+01 .2812E+00 .6133E-01 
 
BAND 6

 .3531E+06 .3841E+06 .2506E+06 .1393E+06 .5265E+05 
 .3034E+05 .8463E+04 .3945E+04 .1148E+04 .2893E+03 
 .7572E+02 .2007E+02 .3207E+01 .3539E+00 .6200E-01 

BAND 7

 .2583E+06 .2825E+06 .1804E+06 .1383E+06 .5888E+05 
 .3534E+05 .1011E+05 .4547E+04 .1240E+04 .2990E+03 
 .7395E+02 .1836E+02 .2904E+01 .3691E+00 .6756E-01 

BAND 8

 .2168E+06 .2342E+06 .1361E+06 .1282E+06 .6080E+05 
 .3694E+05 .1073E+05 .5097E+04 .1457E+04 .3715E+03 
 .9639E+02 .2459E+02 .3766E+01 .4604E+00 .9021E-01 

BAND 9

 .1608E+06 .1623E+06 .9850E+05 .9924E+05 .6199E+05 
 .3723E+05 .1239E+05 .6344E+04 .1860E+04 .4886E+03 
 .1315E+03 .3348E+02 .5378E+01 .7654E+00 .1469E+00 

BAND 10

 .1318E+06 .1255E+06 .7642E+05 .8506E+05 .6027E+05 
 .3705E+05 .1345E+05 .7160E+04 .2096E+04 .5541E+03 
 .1488E+03 .3907E+02 .6048E+01 .6990E+00 .1089E+00 

BAND 11

 .9994E+05 .9206E+05 .5330E+05 .6292E+05 .4563E+05 
 .3486E+05 .1496E+05 .8743E+04 .2663E+04 .7216E+03 
 .1851E+03 .4638E+02 .7676E+01 .8931E+00 .1444E+00 

BAND 12

 .8115E+05 .7677E+05 .4461E+05 .5066E+05 .3486E+05 
 .3418E+05 .1635E+05 .9326E+04 .2918E+04 .7880E+03 
 .2162E+03 .5776E+02 .1023E+02 .1242E+01 .2093E+00 

BAND 13

 .6168E+05 .5830E+05 .3238E+05 .3622E+05 .2419E+05 
 .2651E+05 .1720E+05 .1002E+05 .3654E+04 .1079E+04 
 .3041E+03 .7922E+02 .1198E+02 .1121E+01 .1479E+00 

BAND 14

 .5239E+05 .4997E+05 .2597E+05 .2915E+05 .1812E+05 
 .2156E+05 .1653E+05 .1002E+05 .4080E+04 .1326E+04 
 .3860E+03 .9872E+02 .1610E+02 .1712E+01 .2362E+00 

BAND 15

 .4334E+05 .3792E+05 .1944E+05 .2206E+05 .1343E+05 
 .1626E+05 .1238E+05 .9631E+04 .4903E+04 .1715E+04 
 .5167E+03 .1284E+03 .2084E+02 .2349E+01 .3373E+00 

BAND 16

 .3930E+05 .3418E+05 .1651E+05 .1759E+05 .9998E+04 
 .1231E+05 .8875E+04 .8411E+04 .5316E+04 .2095E+04 
 .6506E+03 .1727E+03 .3033E+02 .3394E+01 .4671E+00 

BAND 17

 .3233E+05 .2621E+05 .1322E+05 .1352E+05 .8087E+04 
 .9573E+04 .6796E+04 .7229E+04 .5029E+04 .2539E+04 
 .8308E+03 .2044E+03 .3418E+02 .3996E+01 .5788E+00 

BAND 18

 .2725E+05 .2005E+05 .1076E+05 .1079E+05 .6670E+04 
 .7812E+04 .5213E+04 .6175E+04 .4884E+04 .2774E+04 
 .9791E+03 .2420E+03 .3882E+02 .4653E+01 .6953E+00 

Band 19

 .2687E+05 .1724E+05 .9913E+04 .7943E+04 .5034E+04
 .5491E+04 .4334E+04 .5242E+04 .4077E+04 .2772E+04
 .1249E+04 .3118E+03 .5189E+02 .6182E+01 .8792E+00

BAND 20

 .2105E+05 .1190E+05 .6957E+04 .5839E+04 .4301E+04 
 .4200E+04 .3114E+04 .3785E+04 .3420E+04 .2538E+04 
 .1406E+04 .4166E+03 .8782E+02 .1096E+02 .1648E+01 

BAND 21

 .1807E+05 .1108E+05 .6315E+04 .4935E+04 .3707E+04 
 .3353E+04 .2651E+04 .3026E+04 .2871E+04 .2455E+04 
 .1634E+04 .4782E+03 .8992E+02 .1092E+02 .1637E+01 

BAND 22

 .1539E+05 .9742E+04 .4795E+04 .4002E+04 .2750E+04 
 .2400E+04 .2223E+04 .2575E+04 .2340E+04 .2158E+04 
 .1709E+04 .5660E+03 .1119E+03 .1407E+02 .2151E+01 

