W05scBpot.dat
  1  1  0  1  1  0  1  0  1  1  0  1  0  1  1  0  1  0  1  1  0  1  0  1  1  0  1  0
 28 15 18
     3.496809947e-01    -1.810411516e-01     4.553974068e+00    -1.985700672e+00    -2.923190684e-02    -4.230821978e-03
     8.511923542e-01    -4.055655511e+00    -2.403601361e+00    -3.931926577e-03    -1.366014550e-03    -1.444526499e+00
    -9.871507007e+00    -5.176423710e+00     3.182521010e-02     9.378695952e-04    -9.016077870e-02     3.221748652e-01
     6.439316793e-01     1.117134281e+00     7.281613483e+00     3.965689496e+00    -5.016341488e-02     8.074635669e-03
    -1.230953709e+00    -6.396449801e+00     5.908613900e+00     1.408231238e-01    -8.013360500e-03     1.119994470e+00
     8.003721312e-01    -2.413572929e+00     1.447238398e-01    -3.845306604e-03     3.706794844e-01    -5.768589084e-01
     4.379633704e+00     3.409583121e+00     9.742341572e+00    -2.370079640e+00     1.721803041e-01    -4.009248381e-02
    -6.096993501e+00    -7.443867842e+00     4.220399632e+00     2.004268057e-01    -1.575745205e-02     8.445501479e-01
     2.457786494e-01    -8.397603203e+00     1.487750703e-01     5.068569440e-04     1.082818953e+00    -1.645058707e-01
    -4.740754051e-01     8.709086486e-01     5.039740470e-01    -8.262785668e+00     2.346358188e-01    -6.052051614e-03
    -1.007421323e+00     1.023939176e-01     7.614135850e+00    -1.664117885e-01    -2.630751428e-03    -1.904702641e+00
    -9.533694510e+00    -3.641148330e+00     9.622981462e-02    -1.747147567e-03     1.135106259e-01    -2.495018292e-02
    -1.776197392e+00     1.134723021e+00     1.544436113e+00    -6.322301862e-01     6.185447666e-02    -1.435559567e-03
    -5.294331076e-01     6.043951582e-01     1.376781652e+01    -2.468779180e-01    -6.258942683e-04    -3.689286973e-01
    -9.609880341e-01    -3.777110981e+00     5.250550194e-02     3.243949666e-03     4.475430090e-01    -5.263294979e-02
    -5.598596977e-01    -3.769447939e-01    -4.577766348e+00    -2.227789746e+00     1.306139092e-01     4.741549954e-03
     2.305630321e+00     6.104595049e+00     2.456790900e+00    -5.358709927e-01    -7.319757103e-04     5.410781946e-01
    -2.758027118e+00    -6.641126944e+00    -4.412216546e-01    -3.184325711e-03    -4.619110461e-01     8.697367478e-02
     5.209264464e-01    -5.372767724e-01    -5.834763692e-01    -1.769840589e+00     1.611243546e-01    -3.945653274e-03
    -2.038871402e-01     1.365241854e-01    -1.597546745e+00    -1.064438905e-01    -3.115653279e-03     1.810651383e+00
     5.454646815e+00     3.263580743e+00    -2.146825225e-01    -1.322524912e-03     2.098863672e-01    -3.458155520e-01
    -2.350055597e-01    -1.024499237e+00     4.431124783e-01     9.420565404e+00    -1.258732200e-01    -9.827856763e-03
     1.347345425e+00    -1.431184662e+00    -7.489104828e+00     8.620719910e-03     1.371379515e-02     4.181137805e-01
     2.041781338e+00    -1.711446359e+00    -3.814051145e-02     2.757804727e-03    -6.671494600e-01    -1.290468029e-01
    -1.024048087e+00    -3.931926487e-01    -1.434187266e+00     1.923534219e+00     1.210229020e-01     1.379796433e-03
     7.592175422e-01     2.097643513e+00    -3.517490697e+00     1.753214404e-02     3.187251533e-03     5.636655370e-01
     1.145989967e+00    -4.008796654e+00    -2.419134181e-02    -2.212453955e-03    -3.929043717e-01    -4.761478053e-01
    -4.096545041e-01     4.093491632e-01     2.792290495e-01    -2.053503114e+00    -4.871728869e-02     7.339447213e-04
    -1.981142909e-01    -4.093680616e-01     9.906338768e+00    -4.112209394e-02    -7.033056396e-04    -2.275535550e-01
    -2.176946274e+00    -4.148867140e+00     5.767844077e-03     1.744656606e-03     1.343475038e-01    -3.649937459e-01
     3.708933942e-01     5.447221980e-01    -8.356457641e-01    -7.417147743e+00     6.352975557e-02    -3.240179916e-03
    -2.208758417e-01     1.635050805e+00     7.362932240e+00     5.020252818e-02    -4.037042686e-04    -9.035806923e-03
    -2.194275439e+00    -2.428586867e+00    -2.411734012e-01    -3.674878016e-03     4.845030773e-01     3.452410199e-01
     6.477668136e-01    -1.116116487e+00    -2.700403192e+00     4.400827162e+00    -5.580348950e-02    -2.752053637e-03
     7.052643249e-01     3.031524207e+00    -9.766184803e+00     8.635806160e-02     2.641998263e-03    -7.295162566e-01
     2.232770726e+00     3.359893312e+00     6.651494653e-02     1.172109787e-03    -7.990603508e-02     4.704903516e-01
    -2.148604149e+00    -5.567415511e-01    -2.279516985e+00     7.945299046e-01    -1.832799377e-01     1.016942038e-02
     1.347807270e+00     6.728031366e-01     4.935050211e-01    -1.552725777e-01    -2.500750953e-03    -5.794259091e-01
     1.978578443e-01     1.471712822e+00     1.833564024e-01    -2.779669152e-03     1.538644816e-01     7.197161586e-02
    -3.323522341e-01    -1.740625096e-02     1.145018146e+00     9.840942751e-01    -2.176724548e-03    -1.972529144e-04
    -7.722568229e-02    -1.093280315e+00     1.469934137e+00     4.914621001e-02    -1.895713173e-03     2.245660735e-01
     2.982231062e+00     3.398594960e+00     1.316199072e-01    -4.389697540e-04     8.189461042e-04     1.839073364e-01
     3.661249505e-01     3.958598327e-01     5.935629130e-01    -4.725808754e+00    -7.657014681e-02     2.844868970e-04
    -6.918467098e-01    -5.852645047e-01     2.829079115e+00     2.429538603e-01    -3.488965390e-04    -4.944200872e-01
    -1.833622350e+00    -3.287138307e+00     1.436657638e-01    -5.485252582e-03    -3.696771711e-02    -2.699134106e-01
    -5.059540164e-01    -1.267273197e-01     1.139047762e+00    -8.298485395e-01     1.765655526e-01    -5.835958510e-03
     4.396156032e-01    -4.586203301e-01     4.094496832e+00    -1.535273138e-02     4.476908205e-03     1.370256019e-01
     1.111088994e-01     1.378488851e+00    -8.372942287e-02    -4.178807593e-04    -2.537955425e-01     1.255201949e-01
     6.225102948e-01    -1.393345857e-02     1.158723263e+00     6.216662294e-01     1.028671642e-02     1.653985204e-03
    -4.322576876e-01    -1.349981159e+00    -3.365602278e+00     9.189036466e-02    -3.368804126e-03    -5.994924425e-01
    -1.947045990e+00    -1.699443725e+00     6.958389730e-02    -1.759032735e-03     2.579635284e-01    -9.352575232e-02
     1.500607327e+00     7.610040734e-01     8.203496510e-01    -4.493308652e+00     1.256887799e-01    -3.895986095e-03
    -1.131051034e+00     3.066426696e-01    -3.783160461e-01    -6.291677296e-02    -9.455655442e-03    -2.277109662e-01
    -2.058469723e-01    -8.229714169e-02     7.556588011e-02    -4.033637324e-03     4.620773605e-01     1.077640841e-01
    -2.789956013e-01     3.499816001e-02    -4.447869264e-01    -4.979879972e-01     2.247227488e-02    -3.927507588e-03
     2.029586692e-01    -5.400411848e-01     7.270109165e-02    -1.708379308e-01     3.477672175e-03    -8.485339758e-01
     1.106036656e-01     5.070205716e+00     1.044493002e-01     6.565632628e-04    -1.091175836e-01     3.737571396e-02
    -3.703067322e-01    -4.716948655e-02     2.095316681e-01    -2.180215210e+00     8.834997729e-02    -2.797050758e-03
     1.951229853e-01     1.280834114e+00     4.853961779e+00     6.660132188e-02     3.410244653e-03     1.051179532e-01
     5.400311132e-01    -3.024045915e+00     6.015289128e-02    -2.671404882e-03    -7.900680845e-02     1.192373733e-01
    -3.307093550e-01    -1.331305621e-01    -7.767513619e-02    -1.960903236e+00     5.954461327e-02     1.791749970e-03
     4.532734892e-01     1.688520808e-01     2.117654307e+00    -1.561237361e-01     2.317000181e-03     3.283504681e-01
    -2.339442179e-01    -8.557264972e-01    -4.968632695e-02     2.530594578e-03    -3.442879926e-01     1.220710048e-02
     8.997500663e-02    -1.606578171e-01    -6.872884502e-01    -2.999653282e+00     1.215168954e-01     7.747870884e-04
     7.322246204e-02    -3.227454091e-01     1.072918019e-01    -6.917053638e-02    -9.101176009e-04     2.709793064e-01
     2.052035431e-01     4.861947852e-01    -1.744687047e-01    -3.362470578e-03    -1.261460355e-02    -1.177699193e-01
    -4.069241878e-01    -5.153253090e-01     2.850528151e-02     3.329091385e+00    -4.260688675e-02    -9.082528084e-04
     8.351962811e-01    -9.310995654e-02    -6.094788232e-01    -5.335856143e-02     8.045878157e-03     4.685561761e-02
     1.186157168e+00    -2.212000394e+00     1.595792986e-01     1.337542545e-03    -3.741510941e-01    -7.729245903e-02
    -5.719487458e-01     8.520960699e-03    -5.677635757e-01     5.168291881e+00    -9.555145572e-02     1.398260399e-03
     5.632481293e-01    -1.251097951e+00    -6.776111894e+00    -2.398137752e-02     2.036850864e-03    -2.100161599e-01
    -1.919056030e-01     2.017791286e+00     1.694169307e-02    -1.194460348e-03    -2.137520498e-01    -1.879825512e-01
     1.311881861e-01    -1.105231704e-01     4.007849912e-01    -2.970451413e+00    -4.425723522e-02     3.968442578e-04
     1.415373555e-01     7.032765729e-01     5.472907355e+00     5.386201366e-02     2.624887281e-03     3.190510923e-01
     4.476507694e-01    -4.153658076e+00    -1.304146713e-02     1.090243455e-03    -1.697705727e-01     5.124182277e-02
     1.196690260e-01     4.122898185e-01    -4.597271001e-01    -6.985532348e-01    -8.007793143e-02     5.678700494e-04
    -6.730714230e-01    -1.853178757e+00    -1.306020956e+00     2.024867443e-01    -3.196607012e-04    -3.840737847e-01
    -2.528790451e-02     6.167030492e-01     6.993333663e-02    -2.998240261e-03     2.919803237e-01     1.695262700e-01
    -2.341873875e-02    -2.698395846e-02    -1.327593270e-01     2.970246386e+00    -5.261576924e-02    -1.155807778e-03
     6.522170055e-03     6.262126154e-01    -1.210257551e+00     6.834912914e-03    -2.364282130e-03    -2.175678132e-01
     7.511426769e-01     3.831154610e+00    -4.057202989e-02    -1.718661312e-03     1.262330731e-01     4.219385614e-01
    -1.146020902e+00     5.011976503e-01    -6.500826386e-01     5.109874827e-01     2.052894651e-02     2.189469509e-03
    -4.670874851e-01    -1.552764864e-01     1.691912758e+00     1.288834135e-02    -2.848360166e-03     1.373793451e-01
     2.340441600e-01    -1.252508159e+00     6.529321394e-02     2.019271185e-03     1.446581295e-01    -2.998602718e-02
     0.700     1.760
  1  2  2  3  3  3  4  4  5  5  5  6  6  7  7  7  8  8  9  9  9 10 10 11 11 11 12 12
 12  2
  0  1  1  0  2  2  1  1  0  2  2  1  1  0  2  2  1  1  0  2  2  1  1  0  2  2  1  1
     4.614172848e-01     1.053374197e-01     4.715348846e+00    -2.657861189e+00    -5.571596097e-03     5.881274149e-01
    -4.104843777e+00    -1.594501772e+00    -3.311114596e-02    -1.450194085e+00    -1.029094379e+01    -5.007970125e+00
    -4.053625130e-03    -7.073087561e-02     3.528548798e-01
    -2.311698528e-01     4.898603372e-01     6.808981912e+00     7.288193231e+00    -1.189174158e-01     2.457030477e-01
    -5.989419241e+00     1.598841884e+00     2.017476691e-01     1.433714245e+00     1.803961895e+00    -2.783990993e+00
     1.570176483e-01    -2.160442251e-01    -7.222855517e-01
     5.822052386e+00     5.608923399e+00     1.116198246e+01    -6.996600188e+00     4.141960965e-01    -8.629406960e+00
    -7.862388510e+00     1.348862511e+01     3.381272271e-01     9.303355230e-01    -3.072930721e+00    -7.845547419e+00
     2.149134611e-02     1.200928350e+00    -1.434997111e-01
    -2.657237538e-01     1.163731629e+00     5.940389316e-01    -8.695969183e+00     2.852121731e-01    -1.338054966e+00
    -4.654955521e-02     9.436152007e+00    -1.608284767e-01    -1.709038607e+00    -9.889327531e+00    -4.144209462e+00
     6.829914898e-02     1.170467251e-01    -1.067423471e-01
    -1.873588243e+00     1.271241700e+00     1.361268021e+00    -3.367152410e-02     6.146199879e-02    -7.401348713e-01
     4.579947569e-01     1.305749663e+01    -1.340215016e-01    -6.639408092e-01    -1.658049174e+00    -2.445919191e+00
     2.798423508e-02     4.105870920e-01     2.997053838e-02
    -7.600421805e-01    -7.437756649e-01    -5.193397846e+00    -4.023355287e-01     5.891472382e-03     2.700536644e+00
     6.535962860e+00     1.770717267e+00    -4.489083422e-01     8.154240806e-01    -1.883028026e+00    -7.270259291e+00
    -3.892606427e-01    -6.173378417e-01    -7.020260670e-02
     6.849503010e-01    -4.647522790e-01    -9.822050515e-01    -1.688551076e+00     1.973757589e-01    -2.425635769e-01
     5.572509987e-01    -9.133281569e-01    -1.132082583e-01     1.941981986e+00     5.165316568e+00     2.795475635e+00
    -2.000876865e-01     1.218186532e-01    -4.143728265e-01
     8.954545682e-02     3.049111783e-01     1.118512684e+00     7.440007215e+00    -5.063078959e-02    -8.814750074e-01
    -2.231900324e+00    -2.973687414e+00    -8.877612493e-02     2.284807156e-01     1.127935015e+00    -1.473150647e+00
    -3.944427135e-02     4.286017118e-02    -2.185736158e-02
    -1.080798087e+00    -3.601510729e-01    -1.558510985e+00     2.229150650e+00     1.296668081e-01     5.577178750e-01
     2.134827536e+00    -2.598231758e+00    -7.246221704e-03     6.745110337e-01     1.379202700e+00    -4.011601197e+00
     1.136320417e-02    -2.540712790e-01    -5.430727659e-01
    -3.264802907e-01     3.702674499e-01    -3.827414237e-02    -2.601088401e+00    -5.278503219e-02    -8.549176643e-02
    -3.924595818e-01     8.910793527e+00    -3.149451232e-02    -3.625035095e-01    -2.477986462e+00    -4.372397183e+00
     1.584304064e-02     7.373895930e-02    -2.667616143e-01
     4.176256960e-01     8.493232551e-01    -1.436765535e+00    -7.649538374e+00    -1.795461676e-04    -4.956923093e-01
     2.316142216e+00     7.669811134e+00     9.502614632e-02     2.844194895e-01    -1.880546945e+00    -3.067038959e+00
    -1.743436766e-01     4.760406633e-01     1.278105322e-01
     9.905584819e-01    -8.914811530e-01    -2.707728184e+00     3.376067902e+00    -5.255219381e-02     2.745576777e-01
     2.923391317e+00    -9.515524155e+00     5.325921952e-02    -8.309117007e-01     1.930456603e+00     3.917748001e+00
     7.829601488e-02     1.245613091e-01     5.273385624e-01
    -2.408735479e+00    -1.484895069e+00    -2.766263080e+00     3.014219834e+00    -2.494319284e-01     2.564887483e+00
     7.416544788e-01    -2.169833656e+00    -1.222114562e-01    -3.315533465e-01     1.602681468e+00     4.580442007e-02
     2.479914590e-01    -1.668123180e-01    -5.250346179e-02
    -4.391750213e-01    -2.891523856e-02     1.196594461e+00     1.132380565e+00     7.723893398e-03     2.312347795e-02
    -1.129041421e+00     1.543988799e+00     6.703977811e-02     2.141245839e-01     3.126862160e+00     3.498865589e+00
     1.691987801e-01    -7.024290597e-02     1.480962119e-01
     3.343117281e-01     4.115494905e-01     2.270133631e-01    -5.207347407e+00    -5.896128406e-02    -4.812702941e-01
    -1.405008271e-01     2.477046075e+00     1.387502157e-01     1.674145185e-03    -1.782591197e+00    -4.902673689e+00
     1.709132497e-01    -2.850167295e-02    -4.526588424e-01
    -2.264556469e-01     5.221918755e-01     1.334952342e+00    -2.932431458e+00     2.266052690e-01    -4.244576638e-01
    -3.617026336e-01     6.060833308e+00    -1.324854577e-01     1.815428158e-01    -3.441225719e-01     1.706422728e+00
    -9.671385168e-02     1.359068433e-02     1.073765628e-01
     5.390797989e-01    -2.288576658e-01     1.137441732e+00     1.484025606e+00    -2.473464373e-02    -4.665082004e-04
    -1.444854491e+00    -4.494192345e+00     1.380178466e-01    -4.561091368e-01    -1.831279432e+00    -1.054119601e+00
     5.734639212e-02     7.269289331e-02    -1.397918375e-01
     1.786103698e+00     5.682571964e-01     7.163220852e-01    -5.044203763e+00     1.656265335e-01    -6.472463087e-01
     3.823402563e-01     3.208210724e-01    -3.476623233e-02     9.359952722e-02    -8.326518260e-02    -6.932305213e-01
     8.427965674e-02     1.574586916e-01    -5.463550520e-02
    -2.445140016e-01     5.426301231e-01    -1.320965278e-01    -2.016979057e+00     6.497314258e-02    -5.067528986e-01
    -8.875695753e-01     1.541420400e+00    -1.954730941e-01    -8.575677329e-01    -3.057252776e-01     4.888572309e+00
     9.599952239e-02     8.292015448e-02     1.323515959e-02
    -5.730421748e-01     4.261154293e-01     1.692871853e-01    -2.319020205e+00     1.297158922e-01    -3.094656056e-01
     1.233110820e+00     5.340084992e+00     1.246935193e-03     3.786617623e-01     1.449107137e-01    -3.011936472e+00
     2.997645771e-02     1.087632893e-01     4.585015098e-03
    -3.940966988e-01    -1.327447417e-01     2.750619012e-01    -1.888773417e+00     4.361407017e-02     4.032099782e-01
    -2.929639190e-02     2.514541412e+00    -2.159291914e-01     1.437869469e-01    -3.002136298e-01     2.476916250e-01
    -1.042993336e-01    -2.686394971e-01     1.432504757e-01
     7.791257299e-02    -2.761241874e-01    -9.563617071e-01    -2.141225576e+00     9.968318634e-02     1.926153644e-01
    -3.366962863e-02     5.295978938e-01    -3.888695796e-02     5.708534431e-01     2.070088780e-01     5.810163399e-01
    -1.842234077e-01    -6.653709946e-02    -2.590485116e-01
    -3.528856872e-01    -9.565624114e-02     1.959797500e-01     1.644625425e+00     4.070247336e-03     1.847501999e-02
    -3.504089084e-01     1.155589901e+00    -1.687007226e-01    -1.098015545e-01     1.008425584e+00    -1.816633975e+00
     1.718778763e-01    -1.367627131e-02    -2.815132566e-02
    -6.901737384e-01     4.708014082e-02    -6.028130250e-01     5.421097496e+00    -1.056198888e-01     4.878769190e-01
    -1.275536239e+00    -7.404365414e+00    -9.630119661e-03    -9.500647890e-02     1.028736292e-03     1.239203299e+00
     2.021237312e-02    -1.590330788e-01    -2.573168556e-01
     9.305173793e-02     2.843260131e-02     4.142173934e-01    -3.467305841e+00    -4.901926442e-02    -5.503035621e-03
     4.820420592e-01     5.074736406e+00     3.276140955e-02     2.600409648e-01     3.070170976e-01    -4.149993218e+00
     1.683816490e-03    -1.153376372e-01     7.563118834e-02
    -8.699756338e-02     4.277526716e-01    -6.481435264e-01    -8.157418305e-03    -1.002048848e-01    -5.794588278e-01
    -1.607545563e+00    -1.785313906e+00     2.026006047e-01    -1.641819196e-01     1.573956247e-01     4.799021434e-01
     7.950623777e-02     2.725770261e-01     6.517606837e-02
    -7.617776212e-03    -1.339039317e-02    -2.848333932e-01     3.291750521e+00    -7.283147029e-02     7.850050854e-02
     8.640771010e-01    -1.126305467e+00     5.988390451e-02    -1.045642003e-01     9.642296214e-01     3.807153298e+00
    -2.242108562e-02     5.430235869e-02     3.706823970e-01
    -1.315765002e+00     2.263212117e-01    -5.946902650e-01     1.160235290e+00     1.404169292e-02    -2.002577414e-02
    -6.658973970e-04     9.038590256e-01     5.642097619e-02    -3.505382057e-02     3.630109498e-01    -1.376203509e+00
     7.395611663e-02    -1.957187641e-02     2.956242498e-02
