       0   0.00000000000000E+00   0.16594398139534E-01   0.39894999242317E-04   0.17097942833005E+00  -0.60437494852489E-13   0.17101932332924E+00  -0.16258531582382E-16  -0.13379416614668E-16   0.25189133548084E-14   0.11732129172091E+02   0.32697628131598E-01   0.87858905642493E-01   0.50422894555964E-01       0
       1   0.16594398139534E-01   0.16594398139534E-01   0.39894462322327E-04   0.17086092065012E+00   0.92145919487326E-04   0.17099296103193E+00   0.48576028287910E-06  -0.28136312845347E-06  -0.45434576240178E-14   0.11733186000920E+02   0.32647899304739E-01   0.87808820499224E-01   0.50404200846156E-01      10
       2   0.33188557277425E-01   0.16594159137891E-01   0.39893921561876E-04   0.17079185486388E+00   0.14145073564548E-03   0.17097319952109E+00   0.62757368207105E-06   0.42832246408005E-06  -0.46325790425961E-14   0.11739070992240E+02   0.32600500277602E-01   0.87800653393354E-01   0.50390701192925E-01      10
       3   0.49767837750210E-01   0.16579280472785E-01   0.39893375298836E-04   0.17076856571622E+00   0.14999460959443E-03   0.17095845370111E+00   0.47870541313190E-06   0.13964858105180E-05   0.80317696937726E-14   0.11750214826906E+02   0.32555426189474E-01   0.87831266895432E-01   0.50381872631309E-01      10
       4   0.66331860932011E-01   0.16564023181801E-01   0.39892822273396E-04   0.17078817901791E+00   0.11945242126649E-03   0.17094752426145E+00   0.74717428678572E-07   0.24237608079781E-05  -0.42969100499946E-14   0.11766551684689E+02   0.32512636560030E-01   0.87898234106776E-01   0.50377308351105E-01      10
       5   0.82880412901655E-01   0.16548551969643E-01   0.39892261959050E-04   0.17084849337768E+00   0.51115770369099E-04   0.17093950141001E+00  -0.56061600781801E-06   0.34103871300437E-05  -0.49110021604903E-14   0.11788306353865E+02   0.32472097040167E-01   0.87999696143574E-01   0.50376700193941E-01      10
       6   0.99413439229020E-01   0.16533026327365E-01   0.39891694013220E-04   0.17094780498626E+00  -0.54003797733723E-04   0.17093369288254E+00  -0.14109823477552E-05   0.43159121574043E-05   0.20435042547007E-14   0.11815342209376E+02   0.32433777830106E-01   0.88134214340485E-01   0.50379812815671E-01      10
       7   0.11593088045158E+00   0.16517441222564E-01   0.39891118196623E-04   0.17108478050584E+00  -0.19510288663309E-03   0.17092956873740E+00  -0.24648727850566E-05   0.51307313420108E-05   0.28033131371785E-14   0.11847890239048E+02   0.32397652694599E-01   0.88300662932625E-01   0.50386464878613E-01      10
       8   0.13243266917770E+00   0.16501788726112E-01   0.39890534526877E-04   0.17125836281847E+00  -0.37153113694595E-03   0.17092672221605E+00  -0.37139235398289E-05   0.58599398312157E-05   0.43715031594616E-15   0.11885708024211E+02   0.32363698243087E-01   0.88498149384195E-01   0.50396515191187E-01      10
       9   0.14891873046023E+00   0.16486061282535E-01   0.39889942899569E-04   0.17146770351142E+00  -0.58275352725356E-03   0.17092483992707E+00  -0.51518680313621E-05   0.65147958921852E-05   0.37123082385904E-14   0.11928826181439E+02   0.32331893552193E-01   0.88725956636627E-01   0.50409853322602E-01      10
      10   0.16538898321068E+00   0.16470252750444E-01   0.39889343434377E-04   0.17171211206917E+00  -0.82832145834747E-03   0.17092367995425E+00  -0.67738645953234E-05   0.71083718357138E-05   0.35388358909927E-15   0.11977253031247E+02   0.32302219585547E-01   0.88983500252178E-01   0.50426392231442E-01      10
      11   0.18184334142056E+00   0.16454358209886E-01   0.39888736105020E-04   0.17199101848468E+00  -0.11078531201486E-02   0.17092305410063E+00  -0.85760581314346E-05   0.76534390166261E-05   0.65364380574806E-14   0.12030988291263E+02   0.32274658822938E-01   0.89270296822325E-01   0.50446062839413E-01      10
      12   0.19828171249994E+00   0.16438371079377E-01   0.39888120927619E-04   0.17230394561742E+00  -0.14210187552055E-02   0.17092281498315E+00  -0.10555289266616E-04   0.81615644882768E-05  -0.12212453270877E-14   0.12090013492081E+02   0.32249195144165E-01   0.89585939941136E-01   0.50468810532123E-01      10
      13   0.21470400176114E+00   0.16422289261201E-01   0.39887497918850E-04   0.17265048692144E+00  -0.17675276487271E-02   0.17092284677063E+00  -0.12708898679873E-04   0.86427799173020E-05  -0.31918911957973E-14   0.12154211476547E+02   0.32225813308170E-01   0.89930081803991E-01   0.50494591809274E-01      10
      14   0.23110974352196E+00   0.16405741760818E-01   0.39886867208635E-04   0.17303028294149E+00  -0.21471117764157E-02   0.17092305803228E+00  -0.15034550740353E-04   0.91055477928760E-05  -0.26645352591004E-14   0.12223475521172E+02   0.32204499427374E-01   0.90302411963339E-01   0.50523371550780E-01      10
      15   0.24749864779465E+00   0.16388904272690E-01   0.39886228825963E-04   0.17344301897024E+00  -0.25595290444741E-02   0.17092337615459E+00  -0.17530185352513E-04   0.95568944333290E-05   0.17902346272081E-14   0.12297841560921E+02   0.32185239912455E-01   0.90702657101287E-01   0.50555121956496E-01      10
      16   0.26387053830362E+00   0.16371890508973E-01   0.39885582809207E-04   0.17388841528196E+00  -0.30045576999360E-02   0.17092374316484E+00  -0.20193955376047E-04   0.10002595967207E-04   0.10408340855861E-14   0.12377159145557E+02   0.32168021480152E-01   0.91130572670030E-01   0.50589821131783E-01      10
      17   0.28022524848347E+00   0.16354710179845E-01   0.39884929151831E-04   0.17436621904549E+00  -0.34819915151221E-02   0.17092411245952E+00  -0.23024170981063E-04   0.10447361494286E-04   0.26645352591004E-14   0.12461468505160E+02   0.32152831260944E-01   0.91585935692063E-01   0.50627452092487E-01      10
      18   0.29656262290035E+00   0.16337374416884E-01   0.39884267890049E-04   0.17487619835470E+00  -0.39916361682680E-02   0.17092444645433E+00  -0.26019265387624E-04   0.10895002229270E-04   0.14155343563971E-14   0.12550816739905E+02   0.32139656718804E-01   0.92068539804823E-01   0.50668001831078E-01      10
      19   0.31288251820613E+00   0.16319895305778E-01   0.39883599084845E-04   0.17541813732555E+00  -0.45333061463045E-02   0.17092471477833E+00  -0.29177769665344E-04   0.11348587326248E-04   0.94368957093138E-14   0.12645187868536E+02   0.32128485402240E-01   0.92578191467701E-01   0.50711460455605E-01      10
      20   0.32918480327958E+00   0.16302285073454E-01   0.39882922759100E-04   0.17599183330363E+00  -0.51068235422025E-02   0.17092489268418E+00  -0.32498293877033E-04   0.11810576009749E-04  -0.11102230246252E-15   0.12744574108573E+02   0.32119304986050E-01   0.93114707316920E-01   0.50757821000658E-01      10
      21   0.34546935971293E+00   0.16284556433344E-01   0.39882238875882E-04   0.17659709453123E+00  -0.57120168878332E-02   0.17092495988227E+00  -0.35979512921623E-04   0.12282933262598E-04  -0.28033131371785E-14   0.12848823008961E+02   0.32112103270301E-01   0.93677911849101E-01   0.50807079411828E-01      10
      22   0.36173608222252E+00   0.16266722509596E-01   0.39881547439437E-04   0.17723373889386E+00  -0.63487207974730E-02   0.17092489964383E+00  -0.39620155775506E-04   0.12767221826842E-04  -0.37470027081099E-14   0.12958006283639E+02   0.32106868317803E-01   0.94267636648717E-01   0.50859233927340E-01      10
      23   0.37798487828306E+00   0.16248796060538E-01   0.39880848470070E-04   0.17790159179793E+00  -0.70167744983307E-02   0.17092469814807E+00  -0.43418997102534E-04   0.13264676816102E-04   0.16098233857065E-14   0.13071994744194E+02   0.32103588310835E-01   0.94883718502399E-01   0.50914284984699E-01      10
      24   0.39421566768073E+00   0.16230789397671E-01   0.39880141935751E-04   0.17860048396557E+00  -0.77160202726119E-02   0.17092434383489E+00  -0.47374850693718E-04   0.13776267868789E-04   0.10547118733939E-14   0.13190819162872E+02   0.32102251252679E-01   0.95525997741590E-01   0.50972234971298E-01      10
      25   0.41042838195683E+00   0.16212714276099E-01   0.39879427847312E-04   0.17933025177028E+00  -0.84463042261486E-02   0.17092382697197E+00  -0.51486564272029E-04   0.14302749720408E-04  -0.88817841970013E-15   0.13314426947581E+02   0.32102845305049E-01   0.96194318405457E-01   0.51033088059770E-01      10
      26   0.42662296374318E+00   0.16194581786345E-01   0.39878706204682E-04   0.18009073635004E+00  -0.92074756861109E-02   0.17092313937013E+00  -0.55753015323935E-04   0.14844702909328E-04  -0.99920072216264E-15   0.13442773409976E+02   0.32105358839165E-01   0.96888527677246E-01   0.51096849833630E-01      10
      27   0.44279936613754E+00   0.16176402394364E-01   0.39877977050818E-04   0.18088178249511E+00  -0.99993864645911E-02   0.17092227400757E+00  -0.60173107741166E-04   0.15402566718756E-04  -0.29976021664879E-14   0.13576050267969E+02   0.32109780272434E-01   0.97608474977763E-01   0.51163527244914E-01      10
      28   0.45895755194671E+00   0.16158185809172E-01   0.39877240400208E-04   0.18170323798728E+00  -0.10821890360119E-01   0.17092122486756E+00  -0.64745769050427E-04   0.15976665825402E-04  -0.89928064994638E-14   0.13714164438911E+02   0.32116098008572E-01   0.98354011196882E-01   0.51233128781823E-01      10
      29   0.47509749282360E+00   0.16139940876890E-01   0.39876496276179E-04   0.18255495308327E+00  -0.11674842889646E-01   0.17091998668990E+00  -0.69469948088493E-04   0.16567232078394E-04  -0.10547118733939E-14   0.13857217206801E+02   0.32124300421154E-01   0.99124988494196E-01   0.51305664167921E-01      10
      30   0.49121916843072E+00   0.16121675607114E-01   0.39875744728866E-04   0.18343678155481E+00  -0.12558102395888E-01   0.17091855490365E+00  -0.74344613046790E-04   0.17174422696368E-04  -0.69388939039072E-14   0.14005050434023E+02   0.32134376109820E-01   0.99921260548319E-01   0.51381144896668E-01      10
      30   0.49121916843072E+00   0.16121675607114E-01   0.39875744728866E-04   0.18343678155481E+00  -0.12558102395888E-01   0.17091855490365E+00  -0.74344613046790E-04   0.17174422696368E-04  -0.69388939039072E-14   0.14005050434023E+02   0.32134376109820E-01   0.99921260548319E-01   0.51381144896668E-01      10
