 8.404E+02 4.373E+03 1.187E+04 2.377E+04 4.024E+04 6.127E+04 8.690E+04 1.172E+05
 1.523E+05 1.921E+05 2.366E+05 2.860E+05 3.403E+05 3.992E+05 4.634E+05 5.331E+05
 6.080E+05 6.884E+05 6.779E+02 3.557E+03 9.690E+03 1.941E+04 3.282E+04 4.991E+04
 7.067E+04 9.509E+04 1.234E+05 1.554E+05 1.912E+05 2.309E+05 2.746E+05 3.222E+05
 3.737E+05 4.298E+05 4.898E+05 5.545E+05 5.729E+02 3.026E+03 8.265E+03 1.656E+04
 2.798E+04 4.251E+04 6.013E+04 8.086E+04 1.047E+05 1.317E+05 1.620E+05 1.955E+05
 2.323E+05 2.724E+05 3.161E+05 3.632E+05 4.139E+05 4.684E+05 5.268E+02 2.790E+03
 7.633E+03 1.530E+04 2.584E+04 3.925E+04 5.550E+04 7.457E+04 9.651E+04 1.213E+05
 1.492E+05 1.799E+05 2.138E+05 2.506E+05 2.908E+05 3.340E+05 3.807E+05 4.308E+05
 4.487E+02 2.390E+03 6.556E+03 1.315E+04 2.221E+04 3.370E+04 4.760E+04 6.391E+04
 8.264E+04 1.038E+05 1.275E+05 1.537E+05 1.824E+05 2.138E+05 2.480E+05 2.849E+05
 3.245E+05 3.673E+05 3.877E+02 2.075E+03 5.707E+03 1.146E+04 1.934E+04 2.934E+04
 4.142E+04 5.556E+04 7.177E+04 9.009E+04 1.106E+05 1.332E+05 1.580E+05 1.852E+05
 2.146E+05 2.465E+05 2.808E+05 3.176E+05 3.716E+02 1.992E+03 5.482E+03 1.101E+04
 1.858E+04 2.818E+04 3.978E+04 5.335E+04 6.891E+04 8.646E+04 1.061E+05 1.278E+05
 1.516E+05 1.776E+05 2.058E+05 2.363E+05 2.692E+05 3.046E+05 4.285E+02 2.286E+03
 6.276E+03 1.259E+04 2.126E+04 3.226E+04 4.556E+04 6.115E+04 7.904E+04 9.926E+04
 1.219E+05 1.469E+05 1.744E+05 2.043E+05 2.369E+05 2.721E+05 3.100E+05 3.507E+05
 6.722E+02 3.528E+03 9.611E+03 1.925E+04 3.255E+04 4.949E+04 7.007E+04 9.432E+04
 1.223E+05 1.540E+05 1.896E+05 2.289E+05 2.722E+05 3.193E+05 3.705E+05 4.258E+05
 4.854E+05 5.496E+05 1.774E+03 8.938E+03 2.404E+04 4.823E+04 8.203E+04 1.259E+05
 1.801E+05 2.446E+05 3.195E+05 4.044E+05 4.995E+05 6.048E+05 7.208E+05 8.478E+05
 9.864E+05 1.137E+06 1.301E+06 1.477E+06 6.965E+03 3.303E+04 8.826E+04 1.798E+05
 3.120E+05 4.866E+05 7.046E+05 9.674E+05 1.277E+06 1.636E+06 2.046E+06 2.510E+06
 3.027E+06 3.600E+06 4.230E+06 4.917E+06 5.663E+06 6.471E+06 2.793E+04 1.246E+05
 3.327E+05 6.880E+05 1.221E+06 1.960E+06 2.929E+06 4.146E+06 5.627E+06 7.381E+06
 9.416E+06 1.174E+07 1.435E+07 1.725E+07 2.045E+07 2.396E+07 2.778E+07 3.191E+07
 8.122E+04 3.350E+05 8.800E+05 1.837E+06 3.327E+06 5.467E+06 8.364E+06 1.211E+07
 1.678E+07 2.245E+07 2.917E+07 3.699E+07 4.594E+07 5.605E+07 6.738E+07 7.996E+07
 9.381E+07 1.090E+08 1.996E+03 5.796E+03 1.157E+04 1.916E+04 2.850E+04 3.948E+04
 5.209E+04 6.628E+04 8.216E+04 9.958E+04 1.187E+05 1.394E+05 1.620E+05 1.862E+05
 2.123E+05 2.404E+05 2.703E+05 3.023E+05 1.615E+03 4.700E+03 9.382E+03 1.553E+04
 2.307E+04 3.192E+04 4.207E+04 5.348E+04 6.623E+04 8.022E+04 9.554E+04 1.122E+05
 1.303E+05 1.497E+05 1.706E+05 1.931E+05 2.170E+05 2.427E+05 1.368E+03 3.990E+03
 7.965E+03 1.318E+04 1.956E+04 2.704E+04 3.562E+04 4.527E+04 5.598E+04 6.779E+04
 8.071E+04 9.477E+04 1.100E+05 1.263E+05 1.440E+05 1.629E+05 1.830E+05 2.046E+05
 1.260E+03 3.676E+03 7.341E+03 1.215E+04 1.801E+04 2.491E+04 3.279E+04 4.166E+04
 5.152E+04 6.236E+04 7.424E+04 8.711E+04 1.011E+05 1.161E+05 1.323E+05 1.496E+05
 1.682E+05 1.880E+05 1.075E+03 3.145E+03 6.282E+03 1.039E+04 1.541E+04 2.129E+04
 2.801E+04 3.557E+04 4.396E+04 5.319E+04 6.329E+04 7.425E+04 8.612E+04 9.890E+04
 1.126E+05 1.274E+05 1.431E+05 1.600E+05 9.309E+02 2.727E+03 5.451E+03 9.017E+03
 1.336E+04 1.846E+04 2.428E+04 3.081E+04 3.807E+04 4.605E+04 5.477E+04 6.424E+04
 7.448E+04 8.552E+04 9.738E+04 1.101E+05 1.237E+05 1.382E+05 8.927E+02 2.617E+03
 5.231E+03 8.653E+03 1.282E+04 1.771E+04 2.329E+04 2.956E+04 3.652E+04 4.416E+04
 5.252E+04 6.159E+04 7.141E+04 8.198E+04 9.336E+04 1.055E+05 1.186E+05 1.325E+05
 1.028E+03 3.007E+03 6.007E+03 9.935E+03 1.473E+04 2.035E+04 2.677E+04 3.399E+04
 4.201E+04 5.082E+04 6.046E+04 7.092E+04 8.226E+04 9.446E+04 1.076E+05 1.216E+05
 1.367E+05 1.527E+05 1.602E+03 4.661E+03 9.303E+03 1.540E+04 2.287E+04 3.164E+04
 4.170E+04 5.303E+04 6.563E+04 7.951E+04 9.469E+04 1.112E+05 1.291E+05 1.484E+05
 1.691E+05 1.913E+05 2.151E+05 2.405E+05 4.176E+03 1.205E+04 2.413E+04 4.021E+04
 6.010E+04 8.369E+04 1.109E+05 1.417E+05 1.760E+05 2.139E+05 2.555E+05 3.008E+05
 3.499E+05 4.030E+05 4.602E+05 5.215E+05 5.873E+05 6.575E+05 1.638E+04 4.762E+04
 9.728E+04 1.653E+05 2.512E+05 3.544E+05 4.747E+05 6.119E+05 7.659E+05 9.368E+05
 1.125E+06 1.330E+06 1.553E+06 1.795E+06 2.055E+06 2.334E+06 2.634E+06 2.954E+06
 6.216E+04 1.908E+05 4.100E+05 7.266E+05 1.142E+06 1.656E+06 2.267E+06 2.973E+06
 3.774E+06 4.670E+06 5.661E+06 6.747E+06 7.931E+06 9.215E+06 1.060E+07 1.209E+07
 1.369E+07 1.541E+07 1.311E+05 4.416E+05 1.030E+06 1.965E+06 3.295E+06 5.051E+06
 7.251E+06 9.906E+06 1.302E+07 1.660E+07 2.064E+07 2.516E+07 3.015E+07 3.562E+07
 4.158E+07 4.805E+07 5.503E+07 6.254E+07 6.720E+03 3.196E+04 8.530E+04 1.739E+05
 3.016E+05 4.710E+05 6.810E+05 9.330E+05 1.232E+06 1.580E+06 1.974E+06 2.418E+06
 2.915E+06 3.469E+06 4.077E+06 4.745E+06 5.462E+06 6.244E+06 5.523E+03 2.650E+04
 7.075E+04 1.436E+05 2.486E+05 3.872E+05 5.585E+05 7.659E+05 1.007E+06 1.288E+06
 1.602E+06 1.962E+06 2.357E+06 2.807E+06 3.289E+06 3.815E+06 4.389E+06 5.007E+06
 4.539E+03 2.194E+04 5.871E+04 1.188E+05 2.050E+05 3.185E+05 4.600E+05 6.285E+05
 8.251E+05 1.051E+06 1.307E+06 1.593E+06 1.912E+06 2.266E+06 2.656E+06 3.082E+06
 3.541E+06 4.038E+06 3.735E+03 1.821E+04 4.868E+04 9.827E+04 1.691E+05 2.624E+05
 3.781E+05 5.161E+05 6.757E+05 8.592E+05 1.065E+06 1.296E+06 1.555E+06 1.838E+06
 2.148E+06 2.491E+06 2.862E+06 3.260E+06 3.069E+03 1.509E+04 4.044E+04 8.141E+04
 1.396E+05 2.161E+05 3.107E+05 4.237E+05 5.543E+05 7.033E+05 8.715E+05 1.058E+06
 1.266E+06 1.495E+06 1.746E+06 2.020E+06 2.318E+06 2.638E+06 2.524E+03 1.252E+04
 3.358E+04 6.749E+04 1.154E+05 1.779E+05 2.556E+05 3.481E+05 4.555E+05 5.772E+05
 7.140E+05 8.663E+05 1.034E+06 1.219E+06 1.422E+06 1.643E+06 1.883E+06 2.142E+06
 2.079E+03 1.040E+04 2.792E+04 5.608E+04 9.556E+04 1.470E+05 2.106E+05 2.866E+05
 3.746E+05 4.744E+05 5.861E+05 7.102E+05 8.469E+05 9.972E+05 1.162E+06 1.340E+06
 1.535E+06 1.743E+06 1.713E+03 8.642E+03 2.326E+04 4.664E+04 7.931E+04 1.217E+05
 1.740E+05 2.362E+05 3.085E+05 3.904E+05 4.822E+05 5.840E+05 6.955E+05 8.181E+05
 9.519E+05 1.097E+06 1.255E+06 1.425E+06 1.414E+03 7.195E+03 1.939E+04 3.888E+04
 6.599E+04 1.010E+05 1.440E+05 1.953E+05 2.546E+05 3.221E+05 3.976E+05 4.811E+05
 5.729E+05 6.733E+05 7.824E+05 9.011E+05 1.030E+06 1.168E+06 1.169E+03 5.998E+03
 1.620E+04 3.247E+04 5.505E+04 8.405E+04 1.196E+05 1.619E+05 2.108E+05 2.664E+05
 3.287E+05 3.975E+05 4.731E+05 5.558E+05 6.455E+05 7.429E+05 8.479E+05 9.614E+05
 9.691E+02 5.011E+03 1.358E+04 2.719E+04 4.605E+04 7.019E+04 9.969E+04 1.346E+05
 1.751E+05 2.210E+05 2.725E+05 3.294E+05 3.920E+05 4.603E+05 5.344E+05 6.145E+05
 7.013E+05 7.944E+05 8.056E+02 4.198E+03 1.140E+04 2.284E+04 3.864E+04 5.882E+04
 8.340E+04 1.124E+05 1.460E+05 1.841E+05 2.268E+05 2.740E+05 3.259E+05 3.825E+05
 4.440E+05 5.104E+05 5.821E+05 6.592E+05 6.721E+02 3.527E+03 9.609E+03 1.925E+04
 3.254E+04 4.948E+04 7.006E+04 9.430E+04 1.223E+05 1.540E+05 1.895E+05 2.289E+05
 2.721E+05 3.192E+05 3.705E+05 4.258E+05 4.854E+05 5.495E+05 1.579E+04 4.598E+04
 9.373E+04 1.593E+05 2.420E+05 3.418E+05 4.573E+05 5.883E+05 7.366E+05 9.026E+05
 1.082E+06 1.279E+06 1.494E+06 1.727E+06 1.979E+06 2.249E+06 2.537E+06 2.847E+06
 1.297E+04 3.764E+04 7.648E+04 1.294E+05 1.960E+05 2.760E+05 3.683E+05 4.747E+05
 5.928E+05 7.257E+05 8.686E+05 1.028E+06 1.198E+06 1.388E+06 1.587E+06 1.800E+06
 2.030E+06 2.275E+06 1.065E+04 3.081E+04 6.248E+04 1.054E+05 1.591E+05 2.234E+05
 2.984E+05 3.834E+05 4.787E+05 5.848E+05 7.006E+05 8.271E+05 9.640E+05 1.113E+06
 1.274E+06 1.447E+06 1.631E+06 1.828E+06 8.758E+03 2.530E+04 5.106E+04 8.592E+04
 1.295E+05 1.815E+05 2.418E+05 3.103E+05 3.867E+05 4.719E+05 5.646E+05 6.665E+05
 7.776E+05 8.967E+05 1.025E+06 1.164E+06 1.313E+06 1.471E+06 7.199E+03 2.078E+04
 4.186E+04 7.021E+04 1.055E+05 1.477E+05 1.963E+05 2.517E+05 3.133E+05 3.818E+05
 4.571E+05 5.389E+05 6.278E+05 7.240E+05 8.279E+05 9.394E+05 1.059E+06 1.186E+06
 5.926E+03 1.710E+04 3.435E+04 5.746E+04 8.620E+04 1.203E+05 1.598E+05 2.046E+05
 2.548E+05 3.101E+05 3.709E+05 4.372E+05 5.090E+05 5.864E+05 6.703E+05 7.602E+05
 8.567E+05 9.597E+05 4.886E+03 1.410E+04 2.826E+04 4.718E+04 7.062E+04 9.845E+04
 1.306E+05 1.670E+05 2.077E+05 2.525E+05 3.017E+05 3.554E+05 4.136E+05 4.765E+05
 5.443E+05 6.171E+05 6.953E+05 7.783E+05 4.034E+03 1.164E+04 2.331E+04 3.882E+04
 5.801E+04 8.075E+04 1.070E+05 1.366E+05 1.697E+05 2.062E+05 2.463E+05 2.901E+05
 3.372E+05 3.885E+05 4.436E+05 5.026E+05 5.661E+05 6.337E+05 3.336E+03 9.639E+03
 1.927E+04 3.204E+04 4.780E+04 6.645E+04 8.791E+04 1.122E+05 1.392E+05 1.691E+05
 2.018E+05 2.375E+05 2.761E+05 3.178E+05 3.626E+05 4.109E+05 4.626E+05 5.178E+05
 2.765E+03 8.000E+03 1.598E+04 2.653E+04 3.953E+04 5.487E+04 7.252E+04 9.244E+04
 1.146E+05 1.392E+05 1.660E+05 1.952E+05 2.268E+05 2.610E+05 2.977E+05 3.372E+05
 3.794E+05 4.246E+05 2.298E+03 6.659E+03 1.329E+04 2.205E+04 3.280E+04 4.547E+04
 6.004E+04 7.647E+04 9.477E+04 1.150E+05 1.370E+05 1.611E+05 1.871E+05 2.152E+05
 2.455E+05 2.779E+05 3.126E+05 3.497E+05 1.915E+03 5.561E+03 1.110E+04 1.839E+04
 2.733E+04 3.785E+04 4.992E+04 6.353E+04 7.867E+04 9.537E+04 1.136E+05 1.335E+05
 1.550E+05 1.782E+05 2.032E+05 2.300E+05 2.587E+05 2.893E+05 1.602E+03 4.660E+03
 9.301E+03 1.540E+04 2.286E+04 3.164E+04 4.170E+04 5.302E+04 6.561E+04 7.949E+04
 9.468E+04 1.112E+05 1.290E+05 1.483E+05 1.691E+05 1.913E+05 2.151E+05 2.405E+05
