0000000200
(2(TR2,ES23.15), (TR2,I10.10), (TR2,ES23.15))                                   
    0.000000000000000E+00   -2.488360840000000E+22  0000000001    0.000000000000000E+00
   -7.404989620000000E+01    0.000000000000000E+00  0000000001    3.333333430000000E-01
   -8.874159240000000E+01    0.000000000000000E+00  0000000001    3.333333430000000E-01
   -1.063481520000000E+02    0.000000000000000E+00  0000000001    3.333333430000000E-01
   -1.274479060000000E+02    0.000000000000000E+00  0000000001    3.333333430000000E-01
   -1.527338870000000E+02    0.000000000000000E+00  0000000001    3.333333430000000E-01
   -1.830366970000000E+02    0.000000000000000E+00  0000000001    3.333333430000000E-01
   -2.193516390000000E+02    0.000000000000000E+00  0000000001    3.333333430000000E-01
   -2.628715820000000E+02    0.000000000000000E+00  0000000001    3.333333430000000E-01
   -3.150260010000000E+02    0.000000000000000E+00  0000000001    3.333333430000000E-01
   -3.775279540000000E+02    0.000000000000000E+00  0000000001    3.333333430000000E-01
   -4.524304810000000E+02    0.000000000000000E+00  0000000001    3.333333430000000E-01
   -5.421938480000000E+02    0.000000000000000E+00  0000000001    3.333333430000000E-01
   -6.497665410000000E+02    0.000000000000000E+00  0000000001    3.333333430000000E-01
   -7.786818850000000E+02    0.000000000000000E+00  0000000001    3.333333430000000E-01
   -9.295762330000000E+02    0.000000000000000E+00  0000000001    3.333333430000000E-01
   -1.083858030000000E+03    0.000000000000000E+00  0000000001    3.333333430000000E-01
   -1.238139890000000E+03    0.000000000000000E+00  0000000001    3.333333430000000E-01
   -1.392421750000000E+03    0.000000000000000E+00  0000000001    3.333333430000000E-01
   -1.546703490000000E+03    0.000000000000000E+00  0000000001    3.333333430000000E-01
   -1.700985350000000E+03    0.000000000000000E+00  0000000001    3.333333430000000E-01
   -1.855267210000000E+03    0.000000000000000E+00  0000000001    3.333333430000000E-01
   -2.009549070000000E+03    0.000000000000000E+00  0000000001    3.333333430000000E-01
   -2.163830810000000E+03    0.000000000000000E+00  0000000001    3.333333430000000E-01
   -2.318112790000000E+03    0.000000000000000E+00  0000000001    3.333333430000000E-01
   -2.472394530000000E+03    0.000000000000000E+00  0000000001    3.333333430000000E-01
   -2.626676270000000E+03    0.000000000000000E+00  0000000001    3.333333430000000E-01
   -2.780958250000000E+03    0.000000000000000E+00  0000000001    3.333333430000000E-01
   -2.935239990000000E+03    0.000000000000000E+00  0000000001    3.333333430000000E-01
   -3.089521970000000E+03    0.000000000000000E+00  0000000001    3.333333430000000E-01
    5.426032710000000E+02    0.000000000000000E+00  0000000002    0.000000000000000E+00
    5.775892330000000E+02    0.000000000000000E+00  0000000002    0.000000000000000E+00
    6.148309330000000E+02    0.000000000000000E+00  0000000002    0.000000000000000E+00
    6.544739990000000E+02    0.000000000000000E+00  0000000002    0.000000000000000E+00
    6.966730960000000E+02    0.000000000000000E+00  0000000002    0.000000000000000E+00
    7.415931400000000E+02    0.000000000000000E+00  0000000002    0.000000000000000E+00
    7.894095460000000E+02    0.000000000000000E+00  0000000002    0.000000000000000E+00
    8.403090820000000E+02    0.000000000000000E+00  0000000002    0.000000000000000E+00
    8.944904170000000E+02    0.000000000000000E+00  0000000002    0.000000000000000E+00
    9.521652830000000E+02    0.000000000000000E+00  0000000002    0.000000000000000E+00
    1.013558960000000E+03    0.000000000000000E+00  0000000002    0.000000000000000E+00
    1.078911130000000E+03    0.000000000000000E+00  0000000002    0.000000000000000E+00
    1.148477170000000E+03    0.000000000000000E+00  0000000002    0.000000000000000E+00
    1.222528560000000E+03    0.000000000000000E+00  0000000002    0.000000000000000E+00
    1.301354610000000E+03    0.000000000000000E+00  0000000002    0.000000000000000E+00
    1.385263310000000E+03    0.000000000000000E+00  0000000002    0.000000000000000E+00
    1.474582150000000E+03    0.000000000000000E+00  0000000002    0.000000000000000E+00
    1.569660160000000E+03    0.000000000000000E+00  0000000002    0.000000000000000E+00
    1.670868650000000E+03    0.000000000000000E+00  0000000002    0.000000000000000E+00
    1.778602780000000E+03    0.000000000000000E+00  0000000002    0.000000000000000E+00
    1.893283330000000E+03    0.000000000000000E+00  0000000002    0.000000000000000E+00
    2.015358400000000E+03    0.000000000000000E+00  0000000002    0.000000000000000E+00
    2.145304440000000E+03    0.000000000000000E+00  0000000002    0.000000000000000E+00
    2.283629390000000E+03    0.000000000000000E+00  0000000002    0.000000000000000E+00
    2.430873050000000E+03    0.000000000000000E+00  0000000002    0.000000000000000E+00
    2.587610600000000E+03    0.000000000000000E+00  0000000002    0.000000000000000E+00
    2.754454350000000E+03    0.000000000000000E+00  0000000002    0.000000000000000E+00
    2.932055910000000E+03    0.000000000000000E+00  0000000002    0.000000000000000E+00
    3.121108890000000E+03    0.000000000000000E+00  0000000002    0.000000000000000E+00
    3.322351320000000E+03    0.000000000000000E+00  0000000002    0.000000000000000E+00
    3.536569820000000E+03    0.000000000000000E+00  0000000002    0.000000000000000E+00
    3.764600340000000E+03    0.000000000000000E+00  0000000002    0.000000000000000E+00
    4.007333740000000E+03    0.000000000000000E+00  0000000002    0.000000000000000E+00
    4.265718750000000E+03    0.000000000000000E+00  0000000002    0.000000000000000E+00
    4.540763180000000E+03    0.000000000000000E+00  0000000002    0.000000000000000E+00
    4.833541990000000E+03    0.000000000000000E+00  0000000002    0.000000000000000E+00
    5.145199220000000E+03    0.000000000000000E+00  0000000002    0.000000000000000E+00
    5.476951170000000E+03    0.000000000000000E+00  0000000002    0.000000000000000E+00
    5.830093260000000E+03    0.000000000000000E+00  0000000002    0.000000000000000E+00
    6.206005860000000E+03    0.000000000000000E+00  0000000002    0.000000000000000E+00
    6.606155760000000E+03    0.000000000000000E+00  0000000002    0.000000000000000E+00
    7.032107420000000E+03    0.000000000000000E+00  0000000002    0.000000000000000E+00
    7.485522950000000E+03    0.000000000000000E+00  0000000002    0.000000000000000E+00
    7.953251950000000E+03    0.000000000000000E+00  0000000002    0.000000000000000E+00
    8.420980470000000E+03    0.000000000000000E+00  0000000002    0.000000000000000E+00
    8.888709960000000E+03    0.000000000000000E+00  0000000002    0.000000000000000E+00
    9.356438480000000E+03    0.000000000000000E+00  0000000002    0.000000000000000E+00
    9.824167970000000E+03    0.000000000000000E+00  0000000002    0.000000000000000E+00
    1.029189650000000E+04    0.000000000000000E+00  0000000002    0.000000000000000E+00
    1.075962500000000E+04    0.000000000000000E+00  0000000002    0.000000000000000E+00
    1.122735450000000E+04    0.000000000000000E+00  0000000002    0.000000000000000E+00
    1.169508300000000E+04    0.000000000000000E+00  0000000002    0.000000000000000E+00
    1.216281250000000E+04    0.000000000000000E+00  0000000002    0.000000000000000E+00
    1.263054100000000E+04    0.000000000000000E+00  0000000002    0.000000000000000E+00
    1.309827050000000E+04    0.000000000000000E+00  0000000002    0.000000000000000E+00
    1.356599900000000E+04    0.000000000000000E+00  0000000002    0.000000000000000E+00
    1.403372750000000E+04    0.000000000000000E+00  0000000002    0.000000000000000E+00
    1.450145700000000E+04    0.000000000000000E+00  0000000002    0.000000000000000E+00
    1.496918650000000E+04    0.000000000000000E+00  0000000002    0.000000000000000E+00
    1.543691500000000E+04    0.000000000000000E+00  0000000002    0.000000000000000E+00
    1.590464260000000E+04    0.000000000000000E+00  0000000002    0.000000000000000E+00
    1.637237210000000E+04    0.000000000000000E+00  0000000002    0.000000000000000E+00
    1.684010160000000E+04    0.000000000000000E+00  0000000002    0.000000000000000E+00
    1.730783010000000E+04    0.000000000000000E+00  0000000002    0.000000000000000E+00
    1.777555860000000E+04    0.000000000000000E+00  0000000002    0.000000000000000E+00
    1.824328910000000E+04    0.000000000000000E+00  0000000002    0.000000000000000E+00
    1.871101760000000E+04    0.000000000000000E+00  0000000002    0.000000000000000E+00
    1.917874610000000E+04    0.000000000000000E+00  0000000002    0.000000000000000E+00
    1.964647460000000E+04    0.000000000000000E+00  0000000002    0.000000000000000E+00
    2.011420310000000E+04    0.000000000000000E+00  0000000002    0.000000000000000E+00
    2.058193360000000E+04    0.000000000000000E+00  0000000002    0.000000000000000E+00
    2.104966210000000E+04    0.000000000000000E+00  0000000002    0.000000000000000E+00
    2.151739060000000E+04    0.000000000000000E+00  0000000002    0.000000000000000E+00
    2.198512110000000E+04    0.000000000000000E+00  0000000002    0.000000000000000E+00
    2.245284960000000E+04    0.000000000000000E+00  0000000002    0.000000000000000E+00
    2.292057620000000E+04    0.000000000000000E+00  0000000002    0.000000000000000E+00
    2.338830660000000E+04    0.000000000000000E+00  0000000002    0.000000000000000E+00
    2.385603520000000E+04    0.000000000000000E+00  0000000002    0.000000000000000E+00
    2.432376370000000E+04    0.000000000000000E+00  0000000002    0.000000000000000E+00
    2.479149410000000E+04    0.000000000000000E+00  0000000002    0.000000000000000E+00
    2.525922270000000E+04    0.000000000000000E+00  0000000002    0.000000000000000E+00
    2.572695120000000E+04    0.000000000000000E+00  0000000002    0.000000000000000E+00
    2.619467970000000E+04    0.000000000000000E+00  0000000002    0.000000000000000E+00
    2.666240820000000E+04    0.000000000000000E+00  0000000002    0.000000000000000E+00
    2.713013870000000E+04    0.000000000000000E+00  0000000002    0.000000000000000E+00
    5.426032710000000E+02    0.000000000000000E+00  0000000003    0.000000000000000E+00
    5.775892330000000E+02    0.000000000000000E+00  0000000003    0.000000000000000E+00
    6.148309330000000E+02    0.000000000000000E+00  0000000003    0.000000000000000E+00
    6.544739990000000E+02    0.000000000000000E+00  0000000003    0.000000000000000E+00
    6.966730960000000E+02    0.000000000000000E+00  0000000003    0.000000000000000E+00
    7.415931400000000E+02    0.000000000000000E+00  0000000003    0.000000000000000E+00
    7.894095460000000E+02    0.000000000000000E+00  0000000003    0.000000000000000E+00
    8.403090820000000E+02    0.000000000000000E+00  0000000003    0.000000000000000E+00
    8.944904170000000E+02    0.000000000000000E+00  0000000003    0.000000000000000E+00
    9.521652830000000E+02    0.000000000000000E+00  0000000003    0.000000000000000E+00
    1.013558960000000E+03    0.000000000000000E+00  0000000003    0.000000000000000E+00
    1.078911130000000E+03    0.000000000000000E+00  0000000003    0.000000000000000E+00
    1.148477170000000E+03    0.000000000000000E+00  0000000003    0.000000000000000E+00
    1.222528560000000E+03    0.000000000000000E+00  0000000003    0.000000000000000E+00
    1.301354610000000E+03    0.000000000000000E+00  0000000003    0.000000000000000E+00
    1.385263310000000E+03    0.000000000000000E+00  0000000003    0.000000000000000E+00
    1.474582150000000E+03    0.000000000000000E+00  0000000003    0.000000000000000E+00
    1.569660160000000E+03    0.000000000000000E+00  0000000003    0.000000000000000E+00
    1.670868650000000E+03    0.000000000000000E+00  0000000003    0.000000000000000E+00
    1.778602780000000E+03    0.000000000000000E+00  0000000003    0.000000000000000E+00
    1.893283330000000E+03    0.000000000000000E+00  0000000003    0.000000000000000E+00
    2.015358400000000E+03    0.000000000000000E+00  0000000003    0.000000000000000E+00
    2.145304440000000E+03    0.000000000000000E+00  0000000003    0.000000000000000E+00
    2.283629390000000E+03    0.000000000000000E+00  0000000003    0.000000000000000E+00
    2.430873050000000E+03    0.000000000000000E+00  0000000003    0.000000000000000E+00
    2.587610600000000E+03    0.000000000000000E+00  0000000003    0.000000000000000E+00
    2.754454350000000E+03    0.000000000000000E+00  0000000003    0.000000000000000E+00
    2.932055910000000E+03    0.000000000000000E+00  0000000003    0.000000000000000E+00
    3.121108890000000E+03    0.000000000000000E+00  0000000003    0.000000000000000E+00
    3.322351320000000E+03    0.000000000000000E+00  0000000003    0.000000000000000E+00
    3.536569820000000E+03    0.000000000000000E+00  0000000003    0.000000000000000E+00
    3.764600340000000E+03    0.000000000000000E+00  0000000003    0.000000000000000E+00
    4.007333740000000E+03    0.000000000000000E+00  0000000003    0.000000000000000E+00
    4.265718750000000E+03    0.000000000000000E+00  0000000003    0.000000000000000E+00
    4.540763180000000E+03    0.000000000000000E+00  0000000003    0.000000000000000E+00
    4.833541990000000E+03    0.000000000000000E+00  0000000003    0.000000000000000E+00
    5.145199220000000E+03    0.000000000000000E+00  0000000003    0.000000000000000E+00
    5.476951170000000E+03    0.000000000000000E+00  0000000003    0.000000000000000E+00
    5.830093260000000E+03    0.000000000000000E+00  0000000003    0.000000000000000E+00
    6.206005860000000E+03    0.000000000000000E+00  0000000003    0.000000000000000E+00
    6.606155760000000E+03    0.000000000000000E+00  0000000003    0.000000000000000E+00
    7.032107420000000E+03    0.000000000000000E+00  0000000003    0.000000000000000E+00
    7.485522950000000E+03    0.000000000000000E+00  0000000003    0.000000000000000E+00
    7.953251950000000E+03    0.000000000000000E+00  0000000003    0.000000000000000E+00
    8.420980470000000E+03    0.000000000000000E+00  0000000003    0.000000000000000E+00
    8.888709960000000E+03    0.000000000000000E+00  0000000003    0.000000000000000E+00
    9.356438480000000E+03    0.000000000000000E+00  0000000003    0.000000000000000E+00
    9.824167970000000E+03    0.000000000000000E+00  0000000003    0.000000000000000E+00
    1.029189650000000E+04    0.000000000000000E+00  0000000003    0.000000000000000E+00
    1.075962500000000E+04    0.000000000000000E+00  0000000003    0.000000000000000E+00
    1.122735450000000E+04    0.000000000000000E+00  0000000003    0.000000000000000E+00
    1.169508300000000E+04    0.000000000000000E+00  0000000003    0.000000000000000E+00
    1.216281250000000E+04    0.000000000000000E+00  0000000003    0.000000000000000E+00
    1.263054100000000E+04    0.000000000000000E+00  0000000003    0.000000000000000E+00
    1.309827050000000E+04    0.000000000000000E+00  0000000003    0.000000000000000E+00
    1.356599900000000E+04    0.000000000000000E+00  0000000003    0.000000000000000E+00
    1.403372750000000E+04    0.000000000000000E+00  0000000003    0.000000000000000E+00
    1.450145700000000E+04    0.000000000000000E+00  0000000003    0.000000000000000E+00
    1.496918650000000E+04    0.000000000000000E+00  0000000003    0.000000000000000E+00
    1.543691500000000E+04    0.000000000000000E+00  0000000003    0.000000000000000E+00
    1.590464260000000E+04    0.000000000000000E+00  0000000003    0.000000000000000E+00
    1.637237210000000E+04    0.000000000000000E+00  0000000003    0.000000000000000E+00
    1.684010160000000E+04    0.000000000000000E+00  0000000003    0.000000000000000E+00
    1.730783010000000E+04    0.000000000000000E+00  0000000003    0.000000000000000E+00
    1.777555860000000E+04    0.000000000000000E+00  0000000003    0.000000000000000E+00
    1.824328910000000E+04    0.000000000000000E+00  0000000003    0.000000000000000E+00
    1.871101760000000E+04    0.000000000000000E+00  0000000003    0.000000000000000E+00
    1.917874610000000E+04    0.000000000000000E+00  0000000003    0.000000000000000E+00
    1.964647460000000E+04    0.000000000000000E+00  0000000003    0.000000000000000E+00
    2.011420310000000E+04    0.000000000000000E+00  0000000003    0.000000000000000E+00
    2.058193360000000E+04    0.000000000000000E+00  0000000003    0.000000000000000E+00
    2.104966210000000E+04    0.000000000000000E+00  0000000003    0.000000000000000E+00
    2.151739060000000E+04    0.000000000000000E+00  0000000003    0.000000000000000E+00
    2.198512110000000E+04    0.000000000000000E+00  0000000003    0.000000000000000E+00
    2.245284960000000E+04    0.000000000000000E+00  0000000003    0.000000000000000E+00
    2.292057620000000E+04    0.000000000000000E+00  0000000003    0.000000000000000E+00
    2.338830660000000E+04    0.000000000000000E+00  0000000003    0.000000000000000E+00
    2.385603520000000E+04    0.000000000000000E+00  0000000003    0.000000000000000E+00
    2.432376370000000E+04    0.000000000000000E+00  0000000003    0.000000000000000E+00
    2.479149410000000E+04    0.000000000000000E+00  0000000003    0.000000000000000E+00
    2.525922270000000E+04    0.000000000000000E+00  0000000003    0.000000000000000E+00
    2.572695120000000E+04    0.000000000000000E+00  0000000003    0.000000000000000E+00
    2.619467970000000E+04    0.000000000000000E+00  0000000003    0.000000000000000E+00
    2.666240820000000E+04    0.000000000000000E+00  0000000003    0.000000000000000E+00
    2.713013870000000E+04    0.000000000000000E+00  0000000003    0.000000000000000E+00
00200
(2(TR2,ES23.15), (TR2,I10.10), (TR2,ES23.15))                                   
    0.000000000000000E+00    0.000000000000000E+00  0000000001    0.000000000000000E+00
   -7.404989620000000E+01    1.592011030000000E+19  0000000001    3.333333430000000E-01
   -8.874159240000000E+01    1.997355230000000E+19  0000000001    3.333333430000000E-01
   -1.063481520000000E+02    2.484727390000000E+19  0000000001    3.333333430000000E-01
   -1.274479060000000E+02    3.060212660000000E+19  0000000001    3.333333430000000E-01
   -1.527338870000000E+02    3.724817740000000E+19  0000000001    3.333333430000000E-01
   -1.830366970000000E+02    4.471503560000000E+19  0000000001    3.333333430000000E-01
   -2.193516390000000E+02    5.281870460000000E+19  0000000001    3.333333430000000E-01
   -2.628715820000000E+02    6.123020610000000E+19  0000000001    3.333333430000000E-01
   -3.150260010000000E+02    6.945607040000000E+19  0000000001    3.333333430000000E-01
   -3.775279540000000E+02    7.684451580000000E+19  0000000001    3.333333430000000E-01
   -4.524304810000000E+02    8.263093770000000E+19  0000000001    3.333333430000000E-01
   -5.421938480000000E+02    8.603356550000000E+19  0000000001    3.333333430000000E-01
   -6.497665410000000E+02    8.639466270000000E+19  0000000001    3.333333430000000E-01
   -7.786818850000000E+02    8.228547110000000E+19  0000000001    3.333333430000000E-01
   -9.295762330000000E+02    6.954950250000000E+19  0000000001    3.333333430000000E-01
   -1.083858030000000E+03    5.433939080000000E+19  0000000001    3.333333430000000E-01
   -1.238139890000000E+03    4.220136730000000E+19  0000000001    3.333333430000000E-01
   -1.392421750000000E+03    3.297552580000000E+19  0000000001    3.333333430000000E-01
   -1.546703490000000E+03    2.593705930000000E+19  0000000001    3.333333430000000E-01
   -1.700985350000000E+03    2.053896080000000E+19  0000000001    3.333333430000000E-01
   -1.855267210000000E+03    1.637379630000000E+19  0000000001    3.333333430000000E-01
   -2.009549070000000E+03    1.313924090000000E+19  0000000001    3.333333430000000E-01
   -2.163830810000000E+03    1.061091170000000E+19  0000000001    3.333333430000000E-01
   -2.318112790000000E+03    8.621704980000000E+18  0000000001    3.333333430000000E-01
   -2.472394530000000E+03    7.046638080000000E+18  0000000001    3.333333430000000E-01
   -2.626676270000000E+03    5.791773710000000E+18  0000000001    3.333333430000000E-01
   -2.780958250000000E+03    4.785972360000000E+18  0000000001    3.333333430000000E-01
   -2.935239990000000E+03    3.975139980000000E+18  0000000001    3.333333430000000E-01
   -3.089521970000000E+03    1.654383360000000E+19  0000000001    3.333333430000000E-01
    5.426032710000000E+02    5.350430730000000E+19  0000000002    0.000000000000000E+00
    5.775892330000000E+02    3.510931120000000E+18  0000000002    0.000000000000000E+00
    6.148309330000000E+02    3.800233240000000E+18  0000000002    0.000000000000000E+00
    6.544739990000000E+02    4.109663300000000E+18  0000000002    0.000000000000000E+00
    6.966730960000000E+02    4.440022290000000E+18  0000000002    0.000000000000000E+00
    7.415931400000000E+02    4.792071900000000E+18  0000000002    0.000000000000000E+00
    7.894095460000000E+02    5.166472650000000E+18  0000000002    0.000000000000000E+00
    8.403090820000000E+02    5.563783370000000E+18  0000000002    0.000000000000000E+00
    8.944904170000000E+02    5.984421340000000E+18  0000000002    0.000000000000000E+00
    9.521652830000000E+02    6.428658120000000E+18  0000000002    0.000000000000000E+00
    1.013558960000000E+03    6.896561340000000E+18  0000000002    0.000000000000000E+00
    1.078911130000000E+03    7.387967170000000E+18  0000000002    0.000000000000000E+00
    1.148477170000000E+03    7.902449550000000E+18  0000000002    0.000000000000000E+00
    1.222528560000000E+03    8.439289950000000E+18  0000000002    0.000000000000000E+00
    1.301354610000000E+03    8.997468580000000E+18  0000000002    0.000000000000000E+00
    1.385263310000000E+03    9.575546710000000E+18  0000000002    0.000000000000000E+00
    1.474582150000000E+03    1.017166670000000E+19  0000000002    0.000000000000000E+00
    1.569660160000000E+03    1.078358670000000E+19  0000000002    0.000000000000000E+00
    1.670868650000000E+03    1.140854030000000E+19  0000000002    0.000000000000000E+00
    1.778602780000000E+03    1.204327080000000E+19  0000000002    0.000000000000000E+00
    1.893283330000000E+03    1.268401670000000E+19  0000000002    0.000000000000000E+00
    2.015358400000000E+03    1.332646360000000E+19  0000000002    0.000000000000000E+00
    2.145304440000000E+03    1.396578450000000E+19  0000000002    0.000000000000000E+00
    2.283629390000000E+03    1.459660070000000E+19  0000000002    0.000000000000000E+00
    2.430873050000000E+03    1.521306830000000E+19  0000000002    0.000000000000000E+00
    2.587610600000000E+03    1.580888480000000E+19  0000000002    0.000000000000000E+00
    2.754454350000000E+03    1.637735100000000E+19  0000000002    0.000000000000000E+00
    2.932055910000000E+03    1.691147950000000E+19  0000000002    0.000000000000000E+00
    3.121108890000000E+03    1.740402220000000E+19  0000000002    0.000000000000000E+00
    3.322351320000000E+03    1.784772130000000E+19  0000000002    0.000000000000000E+00
    3.536569820000000E+03    1.823531570000000E+19  0000000002    0.000000000000000E+00
    3.764600340000000E+03    1.855976730000000E+19  0000000002    0.000000000000000E+00
    4.007333740000000E+03    1.881449110000000E+19  0000000002    0.000000000000000E+00
    4.265718750000000E+03    1.899332230000000E+19  0000000002    0.000000000000000E+00
    4.540763180000000E+03    1.909094130000000E+19  0000000002    0.000000000000000E+00
    4.833541990000000E+03    1.910301620000000E+19  0000000002    0.000000000000000E+00
    5.145199220000000E+03    1.902619770000000E+19  0000000002    0.000000000000000E+00
    5.476951170000000E+03    1.885845400000000E+19  0000000002    0.000000000000000E+00
    5.830093260000000E+03    1.859923530000000E+19  0000000002    0.000000000000000E+00
    6.206005860000000E+03    1.824936080000000E+19  0000000002    0.000000000000000E+00
    6.606155760000000E+03    1.781133520000000E+19  0000000002    0.000000000000000E+00
    7.032107420000000E+03    1.728913100000000E+19  0000000002    0.000000000000000E+00
    7.485522950000000E+03    1.642229580000000E+19  0000000002    0.000000000000000E+00
    7.953251950000000E+03    1.508410990000000E+19  0000000002    0.000000000000000E+00
    8.420980470000000E+03    1.365204430000000E+19  0000000002    0.000000000000000E+00
    8.888709960000000E+03    1.236538920000000E+19  0000000002    0.000000000000000E+00
    9.356438480000000E+03    1.120945180000000E+19  0000000002    0.000000000000000E+00
    9.824167970000000E+03    1.017070800000000E+19  0000000002    0.000000000000000E+00
    1.029189650000000E+04    9.236913620000000E+18  0000000002    0.000000000000000E+00
    1.075962500000000E+04    8.397060460000000E+18  0000000002    0.000000000000000E+00
    1.122735450000000E+04    7.641154460000000E+18  0000000002    0.000000000000000E+00
    1.169508300000000E+04    6.960315420000000E+18  0000000002    0.000000000000000E+00
    1.216281250000000E+04    6.346612560000000E+18  0000000002    0.000000000000000E+00
    1.263054100000000E+04    5.792925450000000E+18  0000000002    0.000000000000000E+00
    1.309827050000000E+04    5.292935180000000E+18  0000000002    0.000000000000000E+00
    1.356599900000000E+04    4.841022700000000E+18  0000000002    0.000000000000000E+00
    1.403372750000000E+04    4.432172600000000E+18  0000000002    0.000000000000000E+00
    1.450145700000000E+04    4.061916190000000E+18  0000000002    0.000000000000000E+00
    1.496918650000000E+04    3.726275690000000E+18  0000000002    0.000000000000000E+00
    1.543691500000000E+04    3.421721690000000E+18  0000000002    0.000000000000000E+00
    1.590464260000000E+04    3.145107930000000E+18  0000000002    0.000000000000000E+00
    1.637237210000000E+04    2.893615810000000E+18  0000000002    0.000000000000000E+00
    1.684010160000000E+04    2.664734600000000E+18  0000000002    0.000000000000000E+00
    1.730783010000000E+04    2.456227890000000E+18  0000000002    0.000000000000000E+00
    1.777555860000000E+04    2.266107900000000E+18  0000000002    0.000000000000000E+00
    1.824328910000000E+04    2.092575140000000E+18  0000000002    0.000000000000000E+00
    1.871101760000000E+04    1.934033940000000E+18  0000000002    0.000000000000000E+00
    1.917874610000000E+04    1.789051240000000E+18  0000000002    0.000000000000000E+00
    1.964647460000000E+04    1.656351730000000E+18  0000000002    0.000000000000000E+00
    2.011420310000000E+04    1.534781210000000E+18  0000000002    0.000000000000000E+00
    2.058193360000000E+04    1.423300900000000E+18  0000000002    0.000000000000000E+00
    2.104966210000000E+04    1.320983090000000E+18  0000000002    0.000000000000000E+00
    2.151739060000000E+04    1.226994090000000E+18  0000000002    0.000000000000000E+00
    2.198512110000000E+04    1.140579560000000E+18  0000000002    0.000000000000000E+00
    2.245284960000000E+04    1.061059440000000E+18  0000000002    0.000000000000000E+00
    2.292057620000000E+04    9.878277030000000E+17  0000000002    0.000000000000000E+00
    2.338830660000000E+04    9.203304710000000E+17  0000000002    0.000000000000000E+00
    2.385603520000000E+04    8.580636850000000E+17  0000000002    0.000000000000000E+00
    2.432376370000000E+04    8.005783310000000E+17  0000000002    0.000000000000000E+00
    2.479149410000000E+04    7.474657340000000E+17  0000000002    0.000000000000000E+00
    2.525922270000000E+04    6.983555660000000E+17  0000000002    0.000000000000000E+00
    2.572695120000000E+04    6.529097270000000E+17  0000000002    0.000000000000000E+00
    2.619467970000000E+04    6.108259200000000E+17  0000000002    0.000000000000000E+00
    2.666240820000000E+04    5.718286820000000E+17  0000000002    0.000000000000000E+00
    2.713013870000000E+04    7.178811470000000E+18  0000000002    0.000000000000000E+00
    5.426032710000000E+02    2.447541910000000E+19  0000000003    0.000000000000000E+00
    5.775892330000000E+02    1.606067220000000E+18  0000000003    0.000000000000000E+00
    6.148309330000000E+02    1.738407740000000E+18  0000000003    0.000000000000000E+00
    6.544739990000000E+02    1.879955840000000E+18  0000000003    0.000000000000000E+00
    6.966730960000000E+02    2.031077800000000E+18  0000000003    0.000000000000000E+00
    7.415931400000000E+02    2.192122030000000E+18  0000000003    0.000000000000000E+00
    7.894095460000000E+02    2.363390620000000E+18  0000000003    0.000000000000000E+00
    8.403090820000000E+02    2.545139620000000E+18  0000000003    0.000000000000000E+00
    8.944904170000000E+02    2.737559380000000E+18  0000000003    0.000000000000000E+00
    9.521652830000000E+02    2.940774420000000E+18  0000000003    0.000000000000000E+00
    1.013558960000000E+03    3.154815790000000E+18  0000000003    0.000000000000000E+00
    1.078911130000000E+03    3.379607920000000E+18  0000000003    0.000000000000000E+00
    1.148477170000000E+03    3.614957010000000E+18  0000000003    0.000000000000000E+00
    1.222528560000000E+03    3.860533480000000E+18  0000000003    0.000000000000000E+00
    1.301354610000000E+03    4.115870870000000E+18  0000000003    0.000000000000000E+00
    1.385263310000000E+03    4.380311390000000E+18  0000000003    0.000000000000000E+00
    1.474582150000000E+03    4.653005120000000E+18  0000000003    0.000000000000000E+00
    1.569660160000000E+03    4.932926480000000E+18  0000000003    0.000000000000000E+00
    1.670868650000000E+03    5.218810500000000E+18  0000000003    0.000000000000000E+00
    1.778602780000000E+03    5.509166230000000E+18  0000000003    0.000000000000000E+00
    1.893283330000000E+03    5.802274590000000E+18  0000000003    0.000000000000000E+00
    2.015358400000000E+03    6.096159210000000E+18  0000000003    0.000000000000000E+00
    2.145304440000000E+03    6.388615560000000E+18  0000000003    0.000000000000000E+00
    2.283629390000000E+03    6.677180180000000E+18  0000000003    0.000000000000000E+00
    2.430873050000000E+03    6.959182930000000E+18  0000000003    0.000000000000000E+00
    2.587610600000000E+03    7.231737020000000E+18  0000000003    0.000000000000000E+00
    2.754454350000000E+03    7.491780860000000E+18  0000000003    0.000000000000000E+00
    2.932055910000000E+03    7.736116530000000E+18  0000000003    0.000000000000000E+00
    3.121108890000000E+03    7.961429010000000E+18  0000000003    0.000000000000000E+00
    3.322351320000000E+03    8.164398850000000E+18  0000000003    0.000000000000000E+00
    3.536569820000000E+03    8.341702800000000E+18  0000000003    0.000000000000000E+00
    3.764600340000000E+03    8.490122030000000E+18  0000000003    0.000000000000000E+00
    4.007333740000000E+03    8.606644420000000E+18  0000000003    0.000000000000000E+00
    4.265718750000000E+03    8.688450830000000E+18  0000000003    0.000000000000000E+00
    4.540763180000000E+03    8.733106950000000E+18  0000000003    0.000000000000000E+00
    4.833541990000000E+03    8.738629800000000E+18  0000000003    0.000000000000000E+00
    5.145199220000000E+03    8.703489950000000E+18  0000000003    0.000000000000000E+00
    5.476951170000000E+03    8.626756140000000E+18  0000000003    0.000000000000000E+00
    5.830093260000000E+03    8.508177110000000E+18  0000000003    0.000000000000000E+00
    6.206005860000000E+03    8.348127250000000E+18  0000000003    0.000000000000000E+00
    6.606155760000000E+03    8.147753350000000E+18  0000000003    0.000000000000000E+00
    7.032107420000000E+03    7.908871800000000E+18  0000000003    0.000000000000000E+00
    7.485522950000000E+03    7.512341180000000E+18  0000000003    0.000000000000000E+00
    7.953251950000000E+03    6.900191380000000E+18  0000000003    0.000000000000000E+00
    8.420980470000000E+03    6.245095750000000E+18  0000000003    0.000000000000000E+00
    8.888709960000000E+03    5.656518930000000E+18  0000000003    0.000000000000000E+00
    9.356438480000000E+03    5.127737950000000E+18  0000000003    0.000000000000000E+00
    9.824167970000000E+03    4.652566410000000E+18  0000000003    0.000000000000000E+00
    1.029189650000000E+04    4.225404220000000E+18  0000000003    0.000000000000000E+00
    1.075962500000000E+04    3.841215610000000E+18  0000000003    0.000000000000000E+00
    1.122735450000000E+04    3.495428280000000E+18  0000000003    0.000000000000000E+00
    1.169508300000000E+04    3.183980070000000E+18  0000000003    0.000000000000000E+00
    1.216281250000000E+04    2.903242860000000E+18  0000000003    0.000000000000000E+00
    1.263054100000000E+04    2.649960190000000E+18  0000000003    0.000000000000000E+00
    1.309827050000000E+04    2.421240880000000E+18  0000000003    0.000000000000000E+00
    1.356599900000000E+04    2.214514690000000E+18  0000000003    0.000000000000000E+00
    1.403372750000000E+04    2.027486930000000E+18  0000000003    0.000000000000000E+00
    1.450145700000000E+04    1.858114040000000E+18  0000000003    0.000000000000000E+00
    1.496918650000000E+04    1.704576040000000E+18  0000000003    0.000000000000000E+00
    1.543691500000000E+04    1.565258710000000E+18  0000000003    0.000000000000000E+00
    1.590464260000000E+04    1.438722230000000E+18  0000000003    0.000000000000000E+00
    1.637237210000000E+04    1.323677720000000E+18  0000000003    0.000000000000000E+00
    1.684010160000000E+04    1.218976590000000E+18  0000000003    0.000000000000000E+00
    1.730783010000000E+04    1.123595670000000E+18  0000000003    0.000000000000000E+00
    1.777555860000000E+04    1.036625820000000E+18  0000000003    0.000000000000000E+00
    1.824328910000000E+04    9.572436190000000E+17  0000000003    0.000000000000000E+00
    1.871101760000000E+04    8.847193510000000E+17  0000000003    0.000000000000000E+00
    1.917874610000000E+04    8.183972910000000E+17  0000000003    0.000000000000000E+00
    1.964647460000000E+04    7.576942160000000E+17  0000000003    0.000000000000000E+00
    2.011420310000000E+04    7.020820860000000E+17  0000000003    0.000000000000000E+00
    2.058193360000000E+04    6.510857060000000E+17  0000000003    0.000000000000000E+00
    2.104966210000000E+04    6.042805960000000E+17  0000000003    0.000000000000000E+00
    2.151739060000000E+04    5.612856020000000E+17  0000000003    0.000000000000000E+00
    2.198512110000000E+04    5.217554450000000E+17  0000000003    0.000000000000000E+00
    2.245284960000000E+04    4.853791680000000E+17  0000000003    0.000000000000000E+00
    2.292057620000000E+04    4.518794530000000E+17  0000000003    0.000000000000000E+00
    2.338830660000000E+04    4.210030370000000E+17  0000000003    0.000000000000000E+00
    2.385603520000000E+04    3.925192260000000E+17  0000000003    0.000000000000000E+00
    2.432376370000000E+04    3.662226530000000E+17  0000000003    0.000000000000000E+00
    2.479149410000000E+04    3.419264350000000E+17  0000000003    0.000000000000000E+00
    2.525922270000000E+04    3.194611110000000E+17  0000000003    0.000000000000000E+00
    2.572695120000000E+04    2.986720260000000E+17  0000000003    0.000000000000000E+00
    2.619467970000000E+04    2.794209000000000E+17  0000000003    0.000000000000000E+00
    2.666240820000000E+04    2.615816850000000E+17  0000000003    0.000000000000000E+00
    2.713013870000000E+04    3.283930900000000E+18  0000000003    0.000000000000000E+00
