Day    T(hrs)   3 hr Kp      F107        Ap        Rs
294       0.0       3.0     222.0      15.0     154.0
294       3.0       2.7     222.0      12.0     154.0
294       6.0       2.0     222.0       7.0     154.0
294       9.0       1.3     222.0       5.0     154.0
294      12.0       2.0     222.0       7.0     154.0
294      15.0       6.0     222.0      80.0     154.0
294      18.0       7.3     222.0     154.0     154.0
294      21.0       7.7     222.0     179.0     154.0
295      24.0       7.0     230.4     132.0     135.0
295      27.0       4.7     230.4      39.0     135.0
295      30.0       3.7     230.4      22.0     135.0
295      33.0       6.0     230.4      80.0     135.0
295      36.0       6.0     230.4      80.0     135.0
295      39.0       7.3     230.4     154.0     135.0
295      42.0       7.0     230.4     132.0     135.0
295      45.0       7.0     230.4     132.0     135.0
296      48.0       5.3     224.1      56.0     143.0
296      51.0       4.3     224.1      32.0     143.0
296      54.0       3.7     224.1      22.0     143.0
296      57.0       1.7     224.1       6.0     143.0
296      60.0       2.0     224.1       7.0     143.0
296      63.0       1.3     224.1       5.0     143.0
296      66.0       1.3     224.1       5.0     143.0
296      69.0       1.0     224.1       4.0     143.0
297      72.0       0.7     236.0       3.0     135.0
297      75.0       0.3     236.0       2.0     135.0
297      78.0       0.7     236.0       3.0     135.0
297      81.0       0.3     236.0       2.0     135.0
297      84.0       0.0     236.0       0.0     135.0
297      87.0       0.3     236.0       2.0     135.0
297      90.0       0.3     236.0       2.0     135.0
297      93.0       0.0     236.0       0.0     135.0
298      96.0       0.0     236.1       0.0     151.0
298      99.0       0.7     236.1       3.0     151.0
298     102.0       3.0     236.1      15.0     151.0
298     105.0       2.3     236.1       9.0     151.0
298     108.0       1.0     236.1       4.0     151.0
298     111.0       2.0     236.1       7.0     151.0
298     114.0       2.3     236.1       9.0     151.0
298     117.0       2.0     236.1       7.0     151.0
