Satellite goes12

#START
2008 09 02 00 00 00 0 -1.69 6.25 1.32
2008 09 02 00 09 00 0 -1.94 6.18 1.32
2008 09 02 00 18 00 0 -2.19 6.10 1.32
2008 09 02 00 27 00 0 -2.43 6.01 1.32
2008 09 02 00 36 00 0 -2.66 5.91 1.32
2008 09 02 00 45 00 0 -2.90 5.80 1.31
2008 09 02 00 54 00 0 -3.12 5.68 1.30
2008 09 02 01 03 00 0 -3.35 5.55 1.29
2008 09 02 01 12 00 0 -3.57 5.42 1.28
2008 09 02 01 21 00 0 -3.78 5.28 1.26
2008 09 02 01 30 00 0 -3.99 5.13 1.25
2008 09 02 01 39 00 0 -4.19 4.97 1.23
2008 09 02 01 48 00 0 -4.38 4.80 1.21
2008 09 02 01 57 00 0 -4.57 4.63 1.19
2008 09 02 02 06 00 0 -4.75 4.45 1.16
2008 09 02 02 15 00 0 -4.92 4.26 1.14
2008 09 02 02 24 00 0 -5.09 4.07 1.12
2008 09 02 02 33 00 0 -5.25 3.87 1.09
2008 09 02 02 42 00 0 -5.40 3.67 1.07
2008 09 02 02 51 00 0 -5.54 3.45 1.05
2008 09 02 03 00 00 0 -5.67 3.24 1.03
2008 09 02 03 09 00 0 -5.80 3.02 1.01
2008 09 02 03 18 00 0 -5.91 2.79 0.99
2008 09 02 03 27 00 0 -6.02 2.56 0.97
2008 09 02 03 36 00 0 -6.12 2.33 0.95
2008 09 02 03 45 00 0 -6.20 2.09 0.93
2008 09 02 03 54 00 0 -6.28 1.85 0.92
2008 09 02 04 03 00 0 -6.35 1.60 0.91
2008 09 02 04 12 00 0 -6.41 1.36 0.90
2008 09 02 04 21 00 0 -6.46 1.11 0.89
2008 09 02 04 30 00 0 -6.50 0.86 0.88
2008 09 02 04 39 00 0 -6.53 0.60 0.88
2008 09 02 04 48 00 0 -6.54 0.35 0.87
2008 09 02 04 57 00 0 -6.55 0.10 0.87
2008 09 02 05 06 00 0 -6.55 -0.16 0.88
2008 09 02 05 15 00 0 -6.54 -0.41 0.88
2008 09 02 05 24 00 0 -6.52 -0.66 0.89
2008 09 02 05 33 00 0 -6.49 -0.91 0.90
2008 09 02 05 42 00 0 -6.45 -1.16 0.91
2008 09 02 05 51 00 0 -6.39 -1.41 0.92
2008 09 02 06 00 00 0 -6.33 -1.66 0.94
2008 09 02 06 09 00 0 -6.26 -1.90 0.95
2008 09 02 06 18 00 0 -6.18 -2.14 0.97
2008 09 02 06 27 00 0 -6.09 -2.38 0.99
2008 09 02 06 36 00 0 -5.99 -2.61 1.01
2008 09 02 06 45 00 0 -5.88 -2.84 1.03
2008 09 02 06 54 00 0 -5.76 -3.06 1.05
2008 09 02 07 03 00 0 -5.64 -3.28 1.08
2008 09 02 07 12 00 0 -5.50 -3.50 1.10
2008 09 02 07 21 00 0 -5.36 -3.71 1.12
2008 09 02 07 30 00 0 -5.20 -3.91 1.15
2008 09 02 07 39 00 0 -5.04 -4.11 1.17
2008 09 02 07 48 00 0 -4.87 -4.30 1.20
2008 09 02 07 57 00 0 -4.70 -4.49 1.22
2008 09 02 08 06 00 0 -4.52 -4.67 1.24
2008 09 02 08 15 00 0 -4.33 -4.84 1.26
2008 09 02 08 24 00 0 -4.13 -5.00 1.28
2008 09 02 08 33 00 0 -3.93 -5.16 1.29
2008 09 02 08 42 00 0 -3.72 -5.31 1.31
2008 09 02 08 51 00 0 -3.50 -5.45 1.32
2008 09 02 09 00 00 0 -3.28 -5.58 1.33
2008 09 02 09 09 00 0 -3.06 -5.71 1.34
2008 09 02 09 18 00 0 -2.83 -5.82 1.35
2008 09 02 09 27 00 0 -2.59 -5.93 1.35
2008 09 02 09 36 00 0 -2.35 -6.03 1.35
2008 09 02 09 45 00 0 -2.11 -6.12 1.34
2008 09 02 09 54 00 0 -1.87 -6.20 1.34
2008 09 02 10 03 00 0 -1.62 -6.27 1.33
2008 09 02 10 12 00 0 -1.37 -6.33 1.31
2008 09 02 10 21 00 0 -1.11 -6.38 1.29
2008 09 02 10 30 00 0 -0.86 -6.43 1.27
2008 09 02 10 39 00 0 -0.60 -6.46 1.25
2008 09 02 10 48 00 0 -0.35 -6.49 1.22
2008 09 02 10 57 00 0 -0.09 -6.50 1.19
2008 09 02 11 06 00 0 0.17 -6.51 1.15
2008 09 02 11 15 00 0 0.43 -6.50 1.11
2008 09 02 11 24 00 0 0.68 -6.49 1.07
2008 09 02 11 33 00 0 0.94 -6.46 1.03
2008 09 02 11 42 00 0 1.19 -6.43 0.98
2008 09 02 11 51 00 0 1.44 -6.38 0.92
2008 09 02 12 00 00 0 1.69 -6.33 0.87
2008 09 02 12 09 00 0 1.94 -6.26 0.81
2008 09 02 12 18 00 0 2.19 -6.19 0.75
2008 09 02 12 27 00 0 2.43 -6.11 0.69
2008 09 02 12 36 00 0 2.66 -6.02 0.62
2008 09 02 12 45 00 0 2.90 -5.91 0.55
2008 09 02 12 54 00 0 3.13 -5.80 0.49
2008 09 02 13 03 00 0 3.35 -5.68 0.42
2008 09 02 13 12 00 0 3.57 -5.55 0.35
2008 09 02 13 21 00 0 3.78 -5.41 0.27
2008 09 02 13 30 00 0 3.99 -5.26 0.20
2008 09 02 13 39 00 0 4.19 -5.11 0.13
2008 09 02 13 48 00 0 4.39 -4.94 0.06
2008 09 02 13 57 00 0 4.57 -4.77 -0.01
2008 09 02 14 06 00 0 4.75 -4.59 -0.08
2008 09 02 14 15 00 0 4.93 -4.40 -0.15
2008 09 02 14 24 00 0 5.09 -4.20 -0.22
2008 09 02 14 33 00 0 5.25 -4.00 -0.29
2008 09 02 14 42 00 0 5.40 -3.79 -0.35
2008 09 02 14 51 00 0 5.54 -3.57 -0.41
2008 09 02 15 00 00 0 5.68 -3.35 -0.47
2008 09 02 15 09 00 0 5.80 -3.12 -0.52
2008 09 02 15 18 00 0 5.92 -2.89 -0.58
2008 09 02 15 27 00 0 6.02 -2.65 -0.62
2008 09 02 15 36 00 0 6.12 -2.40 -0.67
2008 09 02 15 45 00 0 6.21 -2.16 -0.71
2008 09 02 15 54 00 0 6.28 -1.90 -0.74
2008 09 02 16 03 00 0 6.35 -1.65 -0.77
2008 09 02 16 12 00 0 6.41 -1.39 -0.80
2008 09 02 16 21 00 0 6.46 -1.13 -0.82
2008 09 02 16 30 00 0 6.50 -0.87 -0.84
2008 09 02 16 39 00 0 6.53 -0.60 -0.85
2008 09 02 16 48 00 0 6.54 -0.34 -0.85
2008 09 02 16 57 00 0 6.55 -0.07 -0.85
2008 09 02 17 06 00 0 6.55 0.20 -0.85
2008 09 02 17 15 00 0 6.54 0.46 -0.84
2008 09 02 17 24 00 0 6.52 0.73 -0.83
2008 09 02 17 33 00 0 6.48 0.99 -0.81
2008 09 02 17 42 00 0 6.44 1.25 -0.78
2008 09 02 17 51 00 0 6.39 1.51 -0.75
2008 09 02 18 00 00 0 6.33 1.77 -0.72
2008 09 02 18 09 00 0 6.26 2.02 -0.68
2008 09 02 18 18 00 0 6.18 2.27 -0.64
2008 09 02 18 27 00 0 6.08 2.51 -0.59
2008 09 02 18 36 00 0 5.98 2.75 -0.54
2008 09 02 18 45 00 0 5.87 2.99 -0.49
2008 09 02 18 54 00 0 5.76 3.22 -0.43
2008 09 02 19 03 00 0 5.63 3.45 -0.37
2008 09 02 19 12 00 0 5.49 3.67 -0.31
2008 09 02 19 21 00 0 5.35 3.88 -0.24
2008 09 02 19 30 00 0 5.19 4.08 -0.18
2008 09 02 19 39 00 0 5.03 4.28 -0.11
2008 09 02 19 48 00 0 4.86 4.48 -0.04
2008 09 02 19 57 00 0 4.69 4.66 0.03
2008 09 02 20 06 00 0 4.50 4.84 0.10
2008 09 02 20 15 00 0 4.31 5.01 0.17
2008 09 02 20 24 00 0 4.12 5.17 0.25
2008 09 02 20 33 00 0 3.91 5.32 0.32
2008 09 02 20 42 00 0 3.70 5.46 0.39
2008 09 02 20 51 00 0 3.49 5.60 0.46
2008 09 02 21 00 00 0 3.27 5.72 0.52
2008 09 02 21 09 00 0 3.04 5.84 0.59
2008 09 02 21 18 00 0 2.81 5.95 0.65
2008 09 02 21 27 00 0 2.58 6.05 0.72
2008 09 02 21 36 00 0 2.34 6.13 0.78
2008 09 02 21 45 00 0 2.10 6.21 0.83
2008 09 02 21 54 00 0 1.85 6.28 0.89
2008 09 02 22 03 00 0 1.60 6.34 0.94
2008 09 02 22 12 00 0 1.35 6.40 0.99
2008 09 02 22 21 00 0 1.10 6.44 1.04
2008 09 02 22 30 00 0 0.85 6.47 1.08
2008 09 02 22 39 00 0 0.59 6.49 1.12
2008 09 02 22 48 00 0 0.33 6.50 1.15
2008 09 02 22 57 00 0 0.08 6.50 1.18
2008 09 02 23 06 00 0 -0.18 6.50 1.21
2008 09 02 23 15 00 0 -0.44 6.48 1.24
2008 09 02 23 24 00 0 -0.70 6.45 1.26
2008 09 02 23 33 00 0 -0.95 6.42 1.27
2008 09 02 23 42 00 0 -1.21 6.37 1.29
2008 09 02 23 51 00 0 -1.46 6.32 1.30
2008 09 03 00 00 00 0 -1.71 6.25 1.31
2008 09 03 00 09 00 0 -1.95 6.18 1.31
2008 09 03 00 18 00 0 -2.20 6.10 1.31
2008 09 03 00 27 00 0 -2.44 6.01 1.31
2008 09 03 00 36 00 0 -2.68 5.90 1.30
2008 09 03 00 45 00 0 -2.91 5.80 1.29
2008 09 03 00 54 00 0 -3.14 5.68 1.28
2008 09 03 01 03 00 0 -3.36 5.55 1.27
2008 09 03 01 12 00 0 -3.58 5.42 1.25
2008 09 03 01 21 00 0 -3.79 5.27 1.24
2008 09 03 01 30 00 0 -4.00 5.12 1.22
2008 09 03 01 39 00 0 -4.20 4.96 1.20
2008 09 03 01 48 00 0 -4.40 4.80 1.18
2008 09 03 01 57 00 0 -4.58 4.62 1.15
2008 09 03 02 06 00 0 -4.76 4.44 1.13
2008 09 03 02 15 00 0 -4.94 4.26 1.11
2008 09 03 02 24 00 0 -5.10 4.06 1.08
2008 09 03 02 33 00 0 -5.26 3.86 1.06
2008 09 03 02 42 00 0 -5.41 3.66 1.04
2008 09 03 02 51 00 0 -5.55 3.45 1.01
2008 09 03 03 00 00 0 -5.68 3.23 0.99
2008 09 03 03 09 00 0 -5.81 3.01 0.97
2008 09 03 03 18 00 0 -5.92 2.78 0.95
2008 09 03 03 27 00 0 -6.03 2.55 0.93
2008 09 03 03 36 00 0 -6.13 2.32 0.91
2008 09 03 03 45 00 0 -6.21 2.08 0.89
2008 09 03 03 54 00 0 -6.29 1.84 0.88
2008 09 03 04 03 00 0 -6.36 1.59 0.87
2008 09 03 04 12 00 0 -6.42 1.34 0.85
2008 09 03 04 21 00 0 -6.47 1.10 0.85
2008 09 03 04 30 00 0 -6.50 0.84 0.84
2008 09 03 04 39 00 0 -6.53 0.59 0.83
2008 09 03 04 48 00 0 -6.55 0.34 0.83
2008 09 03 04 57 00 0 -6.56 0.09 0.83
2008 09 03 05 06 00 0 -6.56 -0.17 0.83
2008 09 03 05 15 00 0 -6.55 -0.42 0.84
2008 09 03 05 24 00 0 -6.52 -0.67 0.85
2008 09 03 05 33 00 0 -6.49 -0.93 0.86
2008 09 03 05 42 00 0 -6.45 -1.18 0.87
2008 09 03 05 51 00 0 -6.40 -1.42 0.88
2008 09 03 06 00 00 0 -6.33 -1.67 0.90
2008 09 03 06 09 00 0 -6.26 -1.91 0.91
2008 09 03 06 18 00 0 -6.18 -2.15 0.93
2008 09 03 06 27 00 0 -6.09 -2.39 0.95
2008 09 03 06 36 00 0 -5.99 -2.63 0.97
2008 09 03 06 45 00 0 -5.88 -2.85 1.00
2008 09 03 06 54 00 0 -5.76 -3.08 1.02
2008 09 03 07 03 00 0 -5.63 -3.30 1.04
2008 09 03 07 12 00 0 -5.50 -3.51 1.07
2008 09 03 07 21 00 0 -5.35 -3.72 1.09
2008 09 03 07 30 00 0 -5.20 -3.93 1.12
2008 09 03 07 39 00 0 -5.04 -4.12 1.14
2008 09 03 07 48 00 0 -4.87 -4.32 1.17
2008 09 03 07 57 00 0 -4.69 -4.50 1.19
2008 09 03 08 06 00 0 -4.51 -4.68 1.21
2008 09 03 08 15 00 0 -4.32 -4.85 1.23
2008 09 03 08 24 00 0 -4.12 -5.01 1.25
2008 09 03 08 33 00 0 -3.92 -5.17 1.27
2008 09 03 08 42 00 0 -3.71 -5.32 1.29
2008 09 03 08 51 00 0 -3.49 -5.46 1.30
2008 09 03 09 00 00 0 -3.27 -5.59 1.31
2008 09 03 09 09 00 0 -3.05 -5.71 1.32
2008 09 03 09 18 00 0 -2.82 -5.83 1.33
2008 09 03 09 27 00 0 -2.58 -5.94 1.33
2008 09 03 09 36 00 0 -2.34 -6.04 1.33
2008 09 03 09 45 00 0 -2.10 -6.12 1.33
2008 09 03 09 54 00 0 -1.85 -6.20 1.32
2008 09 03 10 03 00 0 -1.61 -6.27 1.31
2008 09 03 10 12 00 0 -1.35 -6.34 1.30
2008 09 03 10 21 00 0 -1.10 -6.39 1.29
2008 09 03 10 30 00 0 -0.85 -6.43 1.27
2008 09 03 10 39 00 0 -0.59 -6.46 1.24
2008 09 03 10 48 00 0 -0.33 -6.49 1.22
2008 09 03 10 57 00 0 -0.08 -6.50 1.19
2008 09 03 11 06 00 0 0.18 -6.50 1.15
2008 09 03 11 15 00 0 0.44 -6.50 1.11
2008 09 03 11 24 00 0 0.70 -6.48 1.07
2008 09 03 11 33 00 0 0.95 -6.46 1.03
2008 09 03 11 42 00 0 1.21 -6.42 0.98
2008 09 03 11 51 00 0 1.46 -6.38 0.93
2008 09 03 12 00 00 0 1.71 -6.32 0.88
2008 09 03 12 09 00 0 1.96 -6.26 0.82
2008 09 03 12 18 00 0 2.20 -6.18 0.76
2008 09 03 12 27 00 0 2.44 -6.10 0.70
2008 09 03 12 36 00 0 2.68 -6.01 0.64
2008 09 03 12 45 00 0 2.91 -5.90 0.57
2008 09 03 12 54 00 0 3.14 -5.79 0.50
2008 09 03 13 03 00 0 3.36 -5.67 0.43
2008 09 03 13 12 00 0 3.58 -5.54 0.36
2008 09 03 13 21 00 0 3.80 -5.40 0.29
2008 09 03 13 30 00 0 4.00 -5.25 0.22
2008 09 03 13 39 00 0 4.20 -5.10 0.15
2008 09 03 13 48 00 0 4.40 -4.93 0.08
2008 09 03 13 57 00 0 4.59 -4.76 0.01
2008 09 03 14 06 00 0 4.77 -4.58 -0.06
2008 09 03 14 15 00 0 4.94 -4.39 -0.13
2008 09 03 14 24 00 0 5.11 -4.19 -0.19
2008 09 03 14 33 00 0 5.26 -3.99 -0.26
2008 09 03 14 42 00 0 5.41 -3.78 -0.32
2008 09 03 14 51 00 0 5.55 -3.56 -0.38
2008 09 03 15 00 00 0 5.69 -3.34 -0.44
2008 09 03 15 09 00 0 5.81 -3.11 -0.49
2008 09 03 15 18 00 0 5.93 -2.87 -0.54
2008 09 03 15 27 00 0 6.03 -2.63 -0.59
2008 09 03 15 36 00 0 6.13 -2.39 -0.63
2008 09 03 15 45 00 0 6.22 -2.14 -0.67
2008 09 03 15 54 00 0 6.29 -1.89 -0.70
2008 09 03 16 03 00 0 6.36 -1.63 -0.73
2008 09 03 16 12 00 0 6.42 -1.38 -0.76
2008 09 03 16 21 00 0 6.47 -1.12 -0.78
2008 09 03 16 30 00 0 6.50 -0.85 -0.80
2008 09 03 16 39 00 0 6.53 -0.59 -0.81
2008 09 03 16 48 00 0 6.55 -0.32 -0.81
2008 09 03 16 57 00 0 6.56 -0.06 -0.81
2008 09 03 17 06 00 0 6.56 0.21 -0.81
2008 09 03 17 15 00 0 6.54 0.47 -0.80
2008 09 03 17 24 00 0 6.52 0.74 -0.78
2008 09 03 17 33 00 0 6.49 1.00 -0.76
2008 09 03 17 42 00 0 6.45 1.26 -0.74
2008 09 03 17 51 00 0 6.39 1.52 -0.71
2008 09 03 18 00 00 0 6.33 1.78 -0.68
2008 09 03 18 09 00 0 6.26 2.03 -0.64
2008 09 03 18 18 00 0 6.18 2.28 -0.60
2008 09 03 18 27 00 0 6.08 2.52 -0.55
2008 09 03 18 36 00 0 5.98 2.76 -0.50
2008 09 03 18 45 00 0 5.87 3.00 -0.45
2008 09 03 18 54 00 0 5.75 3.23 -0.39
2008 09 03 19 03 00 0 5.63 3.45 -0.33
2008 09 03 19 12 00 0 5.49 3.67 -0.27
2008 09 03 19 21 00 0 5.34 3.88 -0.21
2008 09 03 19 30 00 0 5.19 4.09 -0.14
2008 09 03 19 39 00 0 5.03 4.29 -0.07
2008 09 03 19 48 00 0 4.86 4.48 -0.00
2008 09 03 19 57 00 0 4.68 4.66 0.06
2008 09 03 20 06 00 0 4.50 4.84 0.13
2008 09 03 20 15 00 0 4.31 5.01 0.20
2008 09 03 20 24 00 0 4.11 5.17 0.27
2008 09 03 20 33 00 0 3.91 5.32 0.34
2008 09 03 20 42 00 0 3.70 5.46 0.41
2008 09 03 20 51 00 0 3.48 5.60 0.48
2008 09 03 21 00 00 0 3.26 5.72 0.55
2008 09 03 21 09 00 0 3.03 5.84 0.61
2008 09 03 21 18 00 0 2.80 5.95 0.67
2008 09 03 21 27 00 0 2.57 6.05 0.73
2008 09 03 21 36 00 0 2.33 6.14 0.79
2008 09 03 21 45 00 0 2.09 6.22 0.85
2008 09 03 21 54 00 0 1.84 6.29 0.90
2008 09 03 22 03 00 0 1.59 6.35 0.95
2008 09 03 22 12 00 0 1.34 6.40 1.00
2008 09 03 22 21 00 0 1.09 6.44 1.04
2008 09 03 22 30 00 0 0.83 6.47 1.08
2008 09 03 22 39 00 0 0.58 6.49 1.12
2008 09 03 22 48 00 0 0.32 6.50 1.15
2008 09 03 22 57 00 0 0.06 6.50 1.18
2008 09 03 23 06 00 0 -0.19 6.50 1.21
2008 09 03 23 15 00 0 -0.45 6.48 1.23
2008 09 03 23 24 00 0 -0.71 6.45 1.25
2008 09 03 23 33 00 0 -0.96 6.42 1.27
2008 09 03 23 42 00 0 -1.22 6.37 1.28
2008 09 03 23 51 00 0 -1.47 6.32 1.29
2008 09 04 00 00 00 0 -1.72 6.25 1.29
2008 09 04 00 09 00 0 -1.97 6.18 1.30
2008 09 04 00 18 00 0 -2.21 6.10 1.29
2008 09 04 00 27 00 0 -2.45 6.00 1.29
2008 09 04 00 36 00 0 -2.69 5.90 1.28
2008 09 04 00 45 00 0 -2.92 5.79 1.27
2008 09 04 00 54 00 0 -3.15 5.67 1.26
2008 09 04 01 03 00 0 -3.38 5.55 1.25
2008 09 04 01 12 00 0 -3.59 5.41 1.23
2008 09 04 01 21 00 0 -3.81 5.27 1.21
2008 09 04 01 30 00 0 -4.01 5.12 1.19
2008 09 04 01 39 00 0 -4.21 4.96 1.17
2008 09 04 01 48 00 0 -4.41 4.79 1.15
2008 09 04 01 57 00 0 -4.60 4.62 1.12
2008 09 04 02 06 00 0 -4.78 4.44 1.10
2008 09 04 02 15 00 0 -4.95 4.25 1.07
2008 09 04 02 24 00 0 -5.12 4.06 1.05
2008 09 04 02 33 00 0 -5.27 3.86 1.02
2008 09 04 02 42 00 0 -5.42 3.65 1.00
2008 09 04 02 51 00 0 -5.56 3.44 0.98
2008 09 04 03 00 00 0 -5.70 3.22 0.95
2008 09 04 03 09 00 0 -5.82 3.00 0.93
2008 09 04 03 18 00 0 -5.93 2.77 0.91
2008 09 04 03 27 00 0 -6.04 2.54 0.89
2008 09 04 03 36 00 0 -6.14 2.31 0.87
2008 09 04 03 45 00 0 -6.22 2.07 0.85
2008 09 04 03 54 00 0 -6.30 1.83 0.84
2008 09 04 04 03 00 0 -6.37 1.58 0.82
2008 09 04 04 12 00 0 -6.43 1.33 0.81
2008 09 04 04 21 00 0 -6.47 1.08 0.80
2008 09 04 04 30 00 0 -6.51 0.83 0.80
2008 09 04 04 39 00 0 -6.54 0.58 0.79
2008 09 04 04 48 00 0 -6.56 0.33 0.79
2008 09 04 04 57 00 0 -6.56 0.07 0.79
2008 09 04 05 06 00 0 -6.56 -0.18 0.79
2008 09 04 05 15 00 0 -6.55 -0.44 0.80
2008 09 04 05 24 00 0 -6.53 -0.69 0.80
2008 09 04 05 33 00 0 -6.49 -0.94 0.81
2008 09 04 05 42 00 0 -6.45 -1.19 0.83
2008 09 04 05 51 00 0 -6.40 -1.44 0.84
2008 09 04 06 00 00 0 -6.34 -1.69 0.86
2008 09 04 06 09 00 0 -6.26 -1.93 0.87
2008 09 04 06 18 00 0 -6.18 -2.17 0.89
2008 09 04 06 27 00 0 -6.09 -2.41 0.91
2008 09 04 06 36 00 0 -5.99 -2.64 0.94
2008 09 04 06 45 00 0 -5.88 -2.87 0.96
2008 09 04 06 54 00 0 -5.76 -3.09 0.98
2008 09 04 07 03 00 0 -5.63 -3.31 1.01
2008 09 04 07 12 00 0 -5.49 -3.53 1.03
2008 09 04 07 21 00 0 -5.35 -3.74 1.06
2008 09 04 07 30 00 0 -5.20 -3.94 1.08
2008 09 04 07 39 00 0 -5.03 -4.14 1.11
2008 09 04 07 48 00 0 -4.86 -4.33 1.13
2008 09 04 07 57 00 0 -4.69 -4.51 1.16
2008 09 04 08 06 00 0 -4.50 -4.69 1.18
2008 09 04 08 15 00 0 -4.31 -4.86 1.21
2008 09 04 08 24 00 0 -4.11 -5.03 1.23
2008 09 04 08 33 00 0 -3.91 -5.18 1.25
2008 09 04 08 42 00 0 -3.70 -5.33 1.26
2008 09 04 08 51 00 0 -3.49 -5.47 1.28
2008 09 04 09 00 00 0 -3.26 -5.60 1.29
2008 09 04 09 09 00 0 -3.04 -5.72 1.30
2008 09 04 09 18 00 0 -2.81 -5.84 1.31
2008 09 04 09 27 00 0 -2.57 -5.95 1.31
2008 09 04 09 36 00 0 -2.33 -6.04 1.32
2008 09 04 09 45 00 0 -2.09 -6.13 1.32
2008 09 04 09 54 00 0 -1.84 -6.21 1.31
2008 09 04 10 03 00 0 -1.59 -6.28 1.30
2008 09 04 10 12 00 0 -1.34 -6.34 1.29
2008 09 04 10 21 00 0 -1.09 -6.39 1.28
2008 09 04 10 30 00 0 -0.83 -6.43 1.26
2008 09 04 10 39 00 0 -0.58 -6.47 1.24
2008 09 04 10 48 00 0 -0.32 -6.49 1.21
2008 09 04 10 57 00 0 -0.06 -6.50 1.18
2008 09 04 11 06 00 0 0.19 -6.50 1.15
2008 09 04 11 15 00 0 0.45 -6.50 1.11
2008 09 04 11 24 00 0 0.71 -6.48 1.07
2008 09 04 11 33 00 0 0.97 -6.46 1.03
2008 09 04 11 42 00 0 1.22 -6.42 0.99
2008 09 04 11 51 00 0 1.47 -6.37 0.94
2008 09 04 12 00 00 0 1.72 -6.32 0.88
2008 09 04 12 09 00 0 1.97 -6.25 0.83
2008 09 04 12 18 00 0 2.21 -6.18 0.77
2008 09 04 12 27 00 0 2.45 -6.09 0.71
2008 09 04 12 36 00 0 2.69 -6.00 0.65
2008 09 04 12 45 00 0 2.93 -5.90 0.58
2008 09 04 12 54 00 0 3.15 -5.78 0.52
2008 09 04 13 03 00 0 3.38 -5.66 0.45
2008 09 04 13 12 00 0 3.60 -5.53 0.38
2008 09 04 13 21 00 0 3.81 -5.39 0.31
2008 09 04 13 30 00 0 4.02 -5.24 0.25
2008 09 04 13 39 00 0 4.22 -5.08 0.18
2008 09 04 13 48 00 0 4.41 -4.92 0.11
2008 09 04 13 57 00 0 4.60 -4.74 0.04
2008 09 04 14 06 00 0 4.78 -4.56 -0.03
2008 09 04 14 15 00 0 4.95 -4.37 -0.10
2008 09 04 14 24 00 0 5.12 -4.18 -0.16
2008 09 04 14 33 00 0 5.28 -3.97 -0.23
2008 09 04 14 42 00 0 5.42 -3.76 -0.29
2008 09 04 14 51 00 0 5.57 -3.54 -0.35
2008 09 04 15 00 00 0 5.70 -3.32 -0.40
2008 09 04 15 09 00 0 5.82 -3.09 -0.45
2008 09 04 15 18 00 0 5.94 -2.86 -0.50
2008 09 04 15 27 00 0 6.04 -2.62 -0.55
2008 09 04 15 36 00 0 6.14 -2.38 -0.59
2008 09 04 15 45 00 0 6.22 -2.13 -0.63
2008 09 04 15 54 00 0 6.30 -1.88 -0.66
2008 09 04 16 03 00 0 6.37 -1.62 -0.69
2008 09 04 16 12 00 0 6.43 -1.36 -0.72
2008 09 04 16 21 00 0 6.47 -1.10 -0.74
2008 09 04 16 30 00 0 6.51 -0.84 -0.75
2008 09 04 16 39 00 0 6.54 -0.58 -0.76
2008 09 04 16 48 00 0 6.56 -0.31 -0.77
2008 09 04 16 57 00 0 6.56 -0.05 -0.77
2008 09 04 17 06 00 0 6.56 0.22 -0.76
2008 09 04 17 15 00 0 6.55 0.48 -0.75
2008 09 04 17 24 00 0 6.52 0.75 -0.74
2008 09 04 17 33 00 0 6.49 1.01 -0.72
2008 09 04 17 42 00 0 6.45 1.27 -0.70
2008 09 04 17 51 00 0 6.39 1.53 -0.67
2008 09 04 18 00 00 0 6.33 1.79 -0.63
2008 09 04 18 09 00 0 6.26 2.04 -0.60
2008 09 04 18 18 00 0 6.18 2.29 -0.55
2008 09 04 18 27 00 0 6.08 2.53 -0.51
2008 09 04 18 36 00 0 5.98 2.77 -0.46
2008 09 04 18 45 00 0 5.87 3.01 -0.41
2008 09 04 18 54 00 0 5.75 3.24 -0.35
2008 09 04 19 03 00 0 5.62 3.46 -0.29
2008 09 04 19 12 00 0 5.49 3.68 -0.23
2008 09 04 19 21 00 0 5.34 3.89 -0.17
2008 09 04 19 30 00 0 5.19 4.10 -0.10
2008 09 04 19 39 00 0 5.03 4.29 -0.04
2008 09 04 19 48 00 0 4.86 4.49 0.03
2008 09 04 19 57 00 0 4.68 4.67 0.10
2008 09 04 20 06 00 0 4.49 4.85 0.17
2008 09 04 20 15 00 0 4.30 5.01 0.23
2008 09 04 20 24 00 0 4.10 5.17 0.30
2008 09 04 20 33 00 0 3.90 5.32 0.37
2008 09 04 20 42 00 0 3.69 5.47 0.44
2008 09 04 20 51 00 0 3.47 5.60 0.50
2008 09 04 21 00 00 0 3.25 5.73 0.57
2008 09 04 21 09 00 0 3.03 5.84 0.63
2008 09 04 21 18 00 0 2.79 5.95 0.69
2008 09 04 21 27 00 0 2.56 6.05 0.75
2008 09 04 21 36 00 0 2.32 6.14 0.81
2008 09 04 21 45 00 0 2.08 6.22 0.86
2008 09 04 21 54 00 0 1.83 6.29 0.91
2008 09 04 22 03 00 0 1.58 6.35 0.96
2008 09 04 22 12 00 0 1.33 6.40 1.01
2008 09 04 22 21 00 0 1.08 6.44 1.05
2008 09 04 22 30 00 0 0.82 6.47 1.09
2008 09 04 22 39 00 0 0.57 6.49 1.12
2008 09 04 22 48 00 0 0.31 6.50 1.16
2008 09 04 22 57 00 0 0.05 6.50 1.18
2008 09 04 23 06 00 0 -0.21 6.50 1.21
2008 09 04 23 15 00 0 -0.47 6.48 1.23
2008 09 04 23 24 00 0 -0.72 6.45 1.25
2008 09 04 23 33 00 0 -0.98 6.42 1.26
2008 09 04 23 42 00 0 -1.23 6.37 1.27
2008 09 04 23 51 00 0 -1.48 6.32 1.28
2008 09 05 00 00 00 0 -1.73 6.25 1.28
2008 09 05 00 09 00 0 -1.98 6.18 1.28
2008 09 05 00 18 00 0 -2.23 6.09 1.28
2008 09 05 00 27 00 0 -2.47 6.00 1.27
2008 09 05 00 36 00 0 -2.70 5.90 1.27
2008 09 05 00 45 00 0 -2.94 5.79 1.25
2008 09 05 00 54 00 0 -3.17 5.67 1.24
2008 09 05 01 03 00 0 -3.39 5.54 1.22
2008 09 05 01 12 00 0 -3.61 5.41 1.21
2008 09 05 01 21 00 0 -3.82 5.27 1.19
2008 09 05 01 30 00 0 -4.03 5.11 1.17
2008 09 05 01 39 00 0 -4.23 4.96 1.14
2008 09 05 01 48 00 0 -4.42 4.79 1.12
2008 09 05 01 57 00 0 -4.61 4.61 1.09
2008 09 05 02 06 00 0 -4.79 4.43 1.07
2008 09 05 02 15 00 0 -4.96 4.25 1.04
2008 09 05 02 24 00 0 -5.13 4.05 1.02
2008 09 05 02 33 00 0 -5.28 3.85 0.99
2008 09 05 02 42 00 0 -5.43 3.64 0.96
2008 09 05 02 51 00 0 -5.57 3.43 0.94
2008 09 05 03 00 00 0 -5.71 3.21 0.91
2008 09 05 03 09 00 0 -5.83 2.99 0.89
2008 09 05 03 18 00 0 -5.94 2.76 0.87
2008 09 05 03 27 00 0 -6.05 2.53 0.85
2008 09 05 03 36 00 0 -6.15 2.30 0.83
2008 09 05 03 45 00 0 -6.23 2.06 0.81
2008 09 05 03 54 00 0 -6.31 1.82 0.79
2008 09 05 04 03 00 0 -6.38 1.57 0.78
2008 09 05 04 12 00 0 -6.43 1.32 0.77
2008 09 05 04 21 00 0 -6.48 1.07 0.76
2008 09 05 04 30 00 0 -6.52 0.82 0.75
2008 09 05 04 39 00 0 -6.55 0.57 0.75
2008 09 05 04 48 00 0 -6.56 0.31 0.75
2008 09 05 04 57 00 0 -6.57 0.06 0.75
2008 09 05 05 06 00 0 -6.57 -0.19 0.75
2008 09 05 05 15 00 0 -6.55 -0.45 0.75
2008 09 05 05 24 00 0 -6.53 -0.70 0.76
2008 09 05 05 33 00 0 -6.50 -0.95 0.77
2008 09 05 05 42 00 0 -6.45 -1.20 0.78
2008 09 05 05 51 00 0 -6.40 -1.45 0.80
2008 09 05 06 00 00 0 -6.34 -1.70 0.81
2008 09 05 06 09 00 0 -6.26 -1.94 0.83
2008 09 05 06 18 00 0 -6.18 -2.18 0.85
2008 09 05 06 27 00 0 -6.09 -2.42 0.87
2008 09 05 06 36 00 0 -5.99 -2.65 0.90
2008 09 05 06 45 00 0 -5.88 -2.88 0.92
2008 09 05 06 54 00 0 -5.76 -3.11 0.95
2008 09 05 07 03 00 0 -5.63 -3.33 0.97
2008 09 05 07 12 00 0 -5.49 -3.54 1.00
2008 09 05 07 21 00 0 -5.35 -3.75 1.03
2008 09 05 07 30 00 0 -5.19 -3.95 1.05
2008 09 05 07 39 00 0 -5.03 -4.15 1.08
2008 09 05 07 48 00 0 -4.86 -4.34 1.10
2008 09 05 07 57 00 0 -4.68 -4.53 1.13
2008 09 05 08 06 00 0 -4.50 -4.70 1.15
2008 09 05 08 15 00 0 -4.31 -4.87 1.18
2008 09 05 08 24 00 0 -4.11 -5.04 1.20
2008 09 05 08 33 00 0 -3.90 -5.19 1.22
2008 09 05 08 42 00 0 -3.69 -5.34 1.24
2008 09 05 08 51 00 0 -3.48 -5.48 1.26
2008 09 05 09 00 00 0 -3.26 -5.61 1.27
2008 09 05 09 09 00 0 -3.03 -5.73 1.28
2008 09 05 09 18 00 0 -2.80 -5.85 1.29
2008 09 05 09 27 00 0 -2.56 -5.95 1.30
2008 09 05 09 36 00 0 -2.32 -6.05 1.30
2008 09 05 09 45 00 0 -2.08 -6.14 1.30
2008 09 05 09 54 00 0 -1.83 -6.22 1.30
2008 09 05 10 03 00 0 -1.58 -6.29 1.29
2008 09 05 10 12 00 0 -1.33 -6.35 1.28
2008 09 05 10 21 00 0 -1.08 -6.40 1.27
2008 09 05 10 30 00 0 -0.82 -6.44 1.25
2008 09 05 10 39 00 0 -0.57 -6.47 1.23
2008 09 05 10 48 00 0 -0.31 -6.49 1.21
2008 09 05 10 57 00 0 -0.05 -6.50 1.18
2008 09 05 11 06 00 0 0.21 -6.50 1.15
2008 09 05 11 15 00 0 0.47 -6.50 1.11
2008 09 05 11 24 00 0 0.72 -6.48 1.08
2008 09 05 11 33 00 0 0.98 -6.45 1.03
2008 09 05 11 42 00 0 1.23 -6.42 0.99
2008 09 05 11 51 00 0 1.49 -6.37 0.94
2008 09 05 12 00 00 0 1.74 -6.31 0.89
2008 09 05 12 09 00 0 1.98 -6.25 0.84
2008 09 05 12 18 00 0 2.23 -6.17 0.78
2008 09 05 12 27 00 0 2.47 -6.09 0.72
2008 09 05 12 36 00 0 2.71 -5.99 0.66
2008 09 05 12 45 00 0 2.94 -5.89 0.60
2008 09 05 12 54 00 0 3.17 -5.77 0.54
2008 09 05 13 03 00 0 3.39 -5.65 0.47
2008 09 05 13 12 00 0 3.61 -5.52 0.40
2008 09 05 13 21 00 0 3.82 -5.38 0.34
2008 09 05 13 30 00 0 4.03 -5.23 0.27
2008 09 05 13 39 00 0 4.23 -5.07 0.20
2008 09 05 13 48 00 0 4.42 -4.91 0.13
2008 09 05 13 57 00 0 4.61 -4.73 0.06
2008 09 05 14 06 00 0 4.79 -4.55 -0.00
2008 09 05 14 15 00 0 4.96 -4.36 -0.07
2008 09 05 14 24 00 0 5.13 -4.16 -0.13
2008 09 05 14 33 00 0 5.29 -3.96 -0.19
2008 09 05 14 42 00 0 5.44 -3.75 -0.25
2008 09 05 14 51 00 0 5.58 -3.53 -0.31
2008 09 05 15 00 00 0 5.71 -3.31 -0.37
2008 09 05 15 09 00 0 5.83 -3.08 -0.42
2008 09 05 15 18 00 0 5.95 -2.84 -0.47
2008 09 05 15 27 00 0 6.05 -2.60 -0.51
2008 09 05 15 36 00 0 6.15 -2.36 -0.55
2008 09 05 15 45 00 0 6.23 -2.11 -0.59
2008 09 05 15 54 00 0 6.31 -1.86 -0.62
2008 09 05 16 03 00 0 6.38 -1.61 -0.65
2008 09 05 16 12 00 0 6.43 -1.35 -0.68
2008 09 05 16 21 00 0 6.48 -1.09 -0.70
2008 09 05 16 30 00 0 6.52 -0.83 -0.71
2008 09 05 16 39 00 0 6.54 -0.56 -0.72
2008 09 05 16 48 00 0 6.56 -0.30 -0.73
2008 09 05 16 57 00 0 6.57 -0.03 -0.73
2008 09 05 17 06 00 0 6.57 0.23 -0.72
2008 09 05 17 15 00 0 6.55 0.50 -0.71
2008 09 05 17 24 00 0 6.53 0.76 -0.70
2008 09 05 17 33 00 0 6.49 1.02 -0.68
2008 09 05 17 42 00 0 6.45 1.28 -0.65
2008 09 05 17 51 00 0 6.40 1.54 -0.62
2008 09 05 18 00 00 0 6.33 1.80 -0.59
2008 09 05 18 09 00 0 6.26 2.05 -0.55
2008 09 05 18 18 00 0 6.18 2.30 -0.51
2008 09 05 18 27 00 0 6.08 2.54 -0.47
2008 09 05 18 36 00 0 5.98 2.78 -0.42
2008 09 05 18 45 00 0 5.87 3.01 -0.37
2008 09 05 18 54 00 0 5.75 3.24 -0.31
2008 09 05 19 03 00 0 5.62 3.47 -0.25
2008 09 05 19 12 00 0 5.48 3.69 -0.19
2008 09 05 19 21 00 0 5.34 3.90 -0.13
2008 09 05 19 30 00 0 5.18 4.10 -0.07
2008 09 05 19 39 00 0 5.02 4.30 -0.00
2008 09 05 19 48 00 0 4.85 4.49 0.06
2008 09 05 19 57 00 0 4.67 4.67 0.13
2008 09 05 20 06 00 0 4.49 4.85 0.20
2008 09 05 20 15 00 0 4.30 5.02 0.26
2008 09 05 20 24 00 0 4.10 5.18 0.33
2008 09 05 20 33 00 0 3.89 5.33 0.40
2008 09 05 20 42 00 0 3.68 5.47 0.46
2008 09 05 20 51 00 0 3.47 5.61 0.53
2008 09 05 21 00 00 0 3.24 5.73 0.59
2008 09 05 21 09 00 0 3.02 5.85 0.65
2008 09 05 21 18 00 0 2.78 5.95 0.71
2008 09 05 21 27 00 0 2.55 6.05 0.77
2008 09 05 21 36 00 0 2.31 6.14 0.82
2008 09 05 21 45 00 0 2.07 6.22 0.88
2008 09 05 21 54 00 0 1.82 6.29 0.93
2008 09 05 22 03 00 0 1.57 6.35 0.97
2008 09 05 22 12 00 0 1.32 6.40 1.02
2008 09 05 22 21 00 0 1.06 6.44 1.06
2008 09 05 22 30 00 0 0.81 6.47 1.09
2008 09 05 22 39 00 0 0.55 6.49 1.13
2008 09 05 22 48 00 0 0.30 6.50 1.16
2008 09 05 22 57 00 0 0.04 6.50 1.19
2008 09 05 23 06 00 0 -0.22 6.50 1.21
2008 09 05 23 15 00 0 -0.48 6.48 1.23
2008 09 05 23 24 00 0 -0.74 6.45 1.24
2008 09 05 23 33 00 0 -0.99 6.42 1.26
2008 09 05 23 42 00 0 -1.25 6.37 1.26
2008 09 05 23 51 00 0 -1.50 6.31 1.27
