restart_iline0001.dat
126
84 0
84 60
84 120
84 180
84 240
84 300
78 0
78 30
78 60
78 90
78 120
78 150
78 180
78 210
78 240
78 270
78 300
78 330
72 0
72 20
72 40
72 60
72 80
72 100
72 120
72 140
72 160
72 180
72 200
72 220
72 240
72 260
72 280
72 300
72 320
72 340
66 0
66 15
66 30
66 45
66 60
66 75
66 90
66 105
66 120
66 135
66 150
66 165
66 180
66 195
66 210
66 225
66 240
66 255
66 270
66 285
66 300
66 315
66 330
66 345
60 0
60 12
60 24
60 36
60 48
60 60
60 72
60 84
60 96
60 108
60 120
60 132
60 144
60 156
60 168
60 180
60 192
60 204
60 216
60 228
60 240
60 252
60 264
60 276
60 288
60 300
60 312
60 324
60 336
60 348
55 0
55 10
55 20
55 30
55 40
55 50
55 60
55 70
55 80
55 90
55 100
55 110
55 120
55 130
55 140
55 150
55 160
55 170
55 180
55 190
55 200
55 210
55 220
55 230
55 240
55 250
55 260
55 270
55 280
55 290
55 300
55 310
55 320
55 330
55 340
55 350