HALL CONDUCTANCE COEFFICIENTS (Smoothed)
Conductance Model for Extreme Events (CMEE)
Developed by Agnit Mukhopadhyay (March 2019)

#DIMENSIONS
24	nMlt
16	nLat

Lat	MLT	A0_up	A0_do	A1_up	A1_do	A2_up	A2_do

#START
90.0	0.00	1.04	0.97	0.81	0.74	0.23	0.13
90.0	1.00	1.14	0.97	0.95	0.73	0.22	0.18
90.0	2.00	1.09	0.92	0.86	0.68	0.14	0.16
90.0	3.00	1.09	0.92	0.86	0.68	0.12	0.15
90.0	4.00	1.11	0.94	0.86	0.69	0.11	0.11
90.0	5.00	1.01	0.95	0.74	0.68	0.09	0.06
90.0	6.00	0.94	1.08	0.67	0.80	0.07	0.06
90.0	7.00	0.91	1.08	0.64	0.80	0.06	0.06
90.0	8.00	1.21	1.15	0.95	0.87	0.06	0.06
90.0	9.00	1.27	1.19	0.99	0.92	0.08	0.05
90.0	10.00	1.36	1.19	1.06	0.88	0.10	0.05
90.0	11.00	1.39	1.22	1.05	0.88	0.08	0.05
90.0	12.00	1.40	1.24	1.06	0.90	0.08	0.07
90.0	13.00	1.43	1.27	1.09	0.93	0.08	0.10
90.0	14.00	1.45	1.29	1.11	0.95	0.06	0.10
90.0	15.00	1.32	1.32	1.03	1.04	0.10	0.09
90.0	16.00	1.29	1.37	1.00	1.09	0.10	0.06
90.0	17.00	1.17	1.33	0.94	1.11	0.10	0.04
90.0	18.00	1.18	1.27	0.95	1.01	0.07	0.02
90.0	19.00	0.92	1.09	0.72	0.83	0.08	0.02
90.0	20.00	0.85	1.02	0.67	0.76	0.06	0.02
90.0	21.00	0.85	1.01	0.65	0.78	0.07	0.07
90.0	22.00	0.85	1.01	0.62	0.78	0.10	0.11
90.0	23.00	1.06	0.97	0.83	0.74	0.23	0.13
88.0	0.00	1.14	0.97	0.90	0.73	0.21	0.16
88.0	1.00	1.14	0.97	0.92	0.74	0.19	0.16
88.0	2.00	1.15	0.98	0.90	0.74	0.14	0.14
88.0	3.00	1.11	0.94	0.85	0.68	0.13	0.14
88.0	4.00	1.14	0.97	0.88	0.70	0.12	0.10
88.0	5.00	1.01	1.04	0.76	0.77	0.11	0.08
88.0	6.00	0.93	1.04	0.66	0.77	0.07	0.07
88.0	7.00	0.94	1.10	0.67	0.82	0.06	0.05
88.0	8.00	1.21	1.17	0.91	0.86	0.06	0.05
88.0	9.00	1.27	1.29	0.93	0.95	0.06	0.04
88.0	10.00	1.38	1.42	1.04	1.08	0.07	0.06
88.0	11.00	1.37	1.25	1.01	0.89	0.10	0.05
88.0	12.00	1.36	1.26	0.97	0.87	0.10	0.10
88.0	13.00	1.33	1.28	0.94	0.89	0.07	0.08
88.0	14.00	1.44	1.27	1.06	0.89	0.07	0.10
88.0	15.00	1.29	1.35	1.16	1.20	0.07	0.10
88.0	16.00	1.32	1.36	1.04	1.08	0.10	0.11
88.0	17.00	1.19	1.35	0.93	1.11	0.11	0.05
88.0	18.00	1.18	1.35	0.91	1.08	0.09	0.04
88.0	19.00	1.15	1.22	0.90	0.96	0.11	0.03
88.0	20.00	0.85	1.02	0.60	0.77	0.07	0.04
88.0	21.00	0.84	1.01	0.61	0.78	0.11	0.08
88.0	22.00	0.93	1.01	0.69	0.78	0.11	0.11
88.0	23.00	0.98	0.94	0.75	0.71	0.14	0.14
86.0	0.00	1.11	1.06	0.90	0.83	0.23	0.16
86.0	1.00	1.12	0.99	0.90	0.76	0.20	0.15
86.0	2.00	1.04	1.00	0.83	0.78	0.17	0.14
86.0	3.00	1.16	1.00	0.93	0.77	0.17	0.11
86.0	4.00	1.10	0.98	0.84	0.72	0.21	0.10
86.0	5.00	1.06	0.98	0.79	0.72	0.16	0.10
86.0	6.00	0.90	1.00	0.63	0.73	0.11	0.10
86.0	7.00	1.01	1.08	0.73	0.80	0.09	0.13
86.0	8.00	1.01	1.24	0.76	0.97	0.09	0.12
86.0	9.00	1.29	1.46	1.04	1.21	0.10	0.07
86.0	10.00	1.33	1.50	1.07	1.24	0.11	0.13
86.0	11.00	1.31	1.35	1.02	1.06	0.11	0.11
86.0	12.00	1.42	1.40	1.10	1.06	0.11	0.11
86.0	13.00	1.35	1.27	1.13	0.94	0.09	0.11
86.0	14.00	1.34	1.29	1.02	0.92	0.08	0.11
86.0	15.00	1.31	1.39	1.17	1.24	0.08	0.12
86.0	16.00	1.24	1.41	1.02	1.16	0.09	0.11
86.0	17.00	1.30	1.46	1.16	1.30	0.11	0.11
86.0	18.00	1.27	1.44	1.06	1.20	0.10	0.08
86.0	19.00	1.04	1.24	0.82	1.04	0.16	0.10
86.0	20.00	0.89	1.05	0.68	0.82	0.11	0.08
86.0	21.00	0.88	1.05	0.66	0.83	0.11	0.13
86.0	22.00	0.85	1.02	0.63	0.79	0.12	0.12
86.0	23.00	0.93	1.02	0.69	0.79	0.15	0.15
84.0	0.00	1.06	1.05	0.83	0.82	0.21	0.16
84.0	1.00	1.06	1.06	0.83	0.82	0.21	0.15
84.0	2.00	1.11	1.12	0.85	0.87	0.21	0.12
84.0	3.00	1.13	1.04	0.84	0.76	0.22	0.11
84.0	4.00	1.10	1.11	0.80	0.80	0.28	0.11
84.0	5.00	1.02	1.08	0.74	0.78	0.29	0.11
84.0	6.00	1.02	1.08	0.72	0.77	0.21	0.11
84.0	7.00	1.08	1.13	0.81	0.83	0.09	0.10
84.0	8.00	1.10	1.25	0.74	0.90	0.08	0.08
84.0	9.00	1.27	1.43	0.93	1.09	0.09	0.12
84.0	10.00	1.29	1.46	0.95	1.12	0.12	0.12
84.0	11.00	1.47	1.46	1.12	1.11	0.11	0.11
84.0	12.00	1.36	1.48	1.00	1.10	0.11	0.10
84.0	13.00	1.31	1.38	0.93	0.99	0.08	0.08
84.0	14.00	1.44	1.44	1.04	1.03	0.06	0.08
84.0	15.00	1.35	1.39	1.09	1.13	0.06	0.11
84.0	16.00	1.28	1.34	0.93	0.95	0.07	0.06
84.0	17.00	1.34	1.42	1.08	1.26	0.12	0.12
84.0	18.00	1.29	1.46	0.99	1.22	0.16	0.11
84.0	19.00	1.28	1.31	1.03	1.07	0.22	0.13
84.0	20.00	1.08	1.24	0.82	1.00	0.22	0.13
84.0	21.00	1.03	1.08	0.82	0.83	0.18	0.13
84.0	22.00	0.98	1.05	0.77	0.82	0.17	0.14
84.0	23.00	0.91	0.98	0.69	0.74	0.17	0.15
82.0	0.00	1.04	1.19	0.73	0.88	0.17	0.15
82.0	1.00	1.26	1.24	0.98	0.95	0.21	0.15
82.0	2.00	1.24	1.31	0.91	0.98	0.22	0.11
82.0	3.00	1.41	1.25	1.07	0.93	0.21	0.08
82.0	4.00	1.28	1.38	0.93	0.99	0.28	0.08
82.0	5.00	1.15	1.23	0.79	0.88	0.23	0.10
82.0	6.00	1.05	1.39	0.61	0.95	0.17	0.10
82.0	7.00	1.11	1.21	0.70	0.81	0.11	0.09
82.0	8.00	1.25	1.35	0.81	0.92	0.10	0.08
82.0	9.00	1.25	1.44	0.84	1.03	0.11	0.12
82.0	10.00	1.44	1.52	1.05	1.09	0.12	0.10
82.0	11.00	1.40	1.57	1.03	1.20	0.14	0.12
82.0	12.00	1.49	1.65	1.08	1.23	0.11	0.10
82.0	13.00	1.47	1.64	1.00	1.17	0.09	0.10
82.0	14.00	1.43	1.73	0.94	1.28	0.06	0.07
82.0	15.00	1.31	1.52	0.86	1.07	0.06	0.08
82.0	16.00	1.44	1.62	1.00	1.19	0.06	0.04
82.0	17.00	1.45	1.39	1.18	0.99	0.11	0.08
82.0	18.00	1.46	1.44	1.14	1.04	0.12	0.11
82.0	19.00	1.48	1.44	1.19	1.17	0.17	0.12
82.0	20.00	1.48	1.37	1.13	1.06	0.17	0.13
82.0	21.00	1.19	1.15	0.93	0.88	0.15	0.13
82.0	22.00	1.32	1.19	1.02	0.88	0.15	0.13
82.0	23.00	1.09	1.08	0.82	0.80	0.17	0.15
80.0	0.00	4.62	4.76	3.38	3.52	0.14	0.12
80.0	1.00	5.54	5.38	4.41	4.26	0.13	0.10
80.0	2.00	5.42	6.42	4.14	5.14	0.16	0.08
80.0	3.00	5.30	6.39	3.99	5.08	0.18	0.08
80.0	4.00	4.13	6.78	2.72	5.36	0.21	0.08
80.0	5.00	4.50	6.26	2.88	4.65	0.20	0.08
80.0	6.00	4.49	5.99	2.67	4.17	0.14	0.07
80.0	7.00	4.33	5.83	2.43	4.08	0.07	0.06
80.0	8.00	4.23	5.73	2.55	3.93	0.06	0.06
80.0	9.00	4.26	6.35	2.56	4.65	0.10	0.07
80.0	10.00	4.38	6.38	2.81	4.81	0.11	0.08
80.0	11.00	5.25	7.00	3.69	5.54	0.11	0.10
80.0	12.00	5.05	7.23	3.52	5.71	0.11	0.08
80.0	13.00	5.97	6.61	4.48	5.13	0.08	0.09
80.0	14.00	6.16	7.04	4.54	5.42	0.09	0.08
80.0	15.00	6.10	6.60	4.50	5.00	0.07	0.08
80.0	16.00	7.00	6.17	5.30	4.46	0.06	0.04
80.0	17.00	7.25	6.44	6.18	4.43	0.08	0.07
80.0	18.00	6.88	5.99	4.71	3.92	0.10	0.08
80.0	19.00	5.73	6.23	4.69	4.23	0.13	0.10
80.0	20.00	4.83	5.62	2.65	3.63	0.14	0.10
80.0	21.00	4.52	6.41	3.10	4.98	0.14	0.09
80.0	22.00	3.99	5.11	2.57	3.68	0.15	0.09
80.0	23.00	4.62	5.62	3.44	4.56	0.15	0.10
78.0	0.00	7.77	7.40	5.14	5.32	0.10	0.08
78.0	1.00	8.88	9.38	6.84	7.34	0.10	0.07
78.0	2.00	7.37	9.90	5.11	7.90	0.10	0.06
78.0	3.00	7.26	9.95	5.33	8.00	0.12	0.06
78.0	4.00	5.50	10.74	3.68	8.76	0.16	0.05
78.0	5.00	4.78	9.71	2.78	7.57	0.15	0.05
78.0	6.00	4.91	10.09	2.40	7.80	0.08	0.07
78.0	7.00	5.41	8.99	2.83	6.41	0.06	0.04
78.0	8.00	5.77	9.27	3.24	6.74	0.06	0.06
78.0	9.00	6.97	9.28	4.62	6.92	0.07	0.04
78.0	10.00	8.48	9.98	6.37	7.87	0.08	0.07
78.0	11.00	9.37	10.87	7.46	8.96	0.09	0.07
78.0	12.00	8.93	10.77	7.17	8.86	0.09	0.07
78.0	13.00	10.17	11.41	8.02	9.27	0.08	0.07
78.0	14.00	11.31	10.62	9.12	8.44	0.10	0.09
78.0	15.00	11.33	10.14	8.88	7.56	0.09	0.09
78.0	16.00	10.21	10.44	7.60	7.83	0.08	0.07
78.0	17.00	9.81	9.23	7.30	6.50	0.06	0.08
78.0	18.00	9.12	9.62	5.91	6.58	0.10	0.08
78.0	19.00	9.41	8.93	6.56	6.15	0.08	0.08
78.0	20.00	8.58	8.56	5.23	5.22	0.09	0.08
78.0	21.00	7.70	8.93	5.11	6.33	0.09	0.07
78.0	22.00	7.28	8.78	4.79	6.11	0.10	0.07
78.0	23.00	7.53	8.65	5.30	6.44	0.11	0.08
76.0	0.00	9.37	10.87	5.56	7.50	0.08	0.07
76.0	1.00	11.09	11.59	7.90	8.64	0.08	0.06
76.0	2.00	10.56	13.06	7.30	10.20	0.08	0.04
76.0	3.00	10.48	13.73	7.89	11.13	0.09	0.04
76.0	4.00	8.01	14.51	5.29	11.79	0.09	0.04
76.0	5.00	6.60	14.10	3.75	11.25	0.09	0.04
76.0	6.00	7.04	13.27	3.55	10.12	0.07	0.05
76.0	7.00	7.48	12.62	4.03	9.17	0.04	0.04
76.0	8.00	8.48	11.98	4.97	8.46	0.04	0.06
76.0	9.00	9.43	11.93	5.90	8.40	0.04	0.04
76.0	10.00	10.50	12.01	7.14	8.84	0.05	0.06
76.0	11.00	12.74	12.24	9.95	9.27	0.07	0.05
76.0	12.00	12.90	11.15	10.31	8.56	0.06	0.06
76.0	13.00	12.43	11.03	9.90	8.26	0.09	0.07
76.0	14.00	13.89	10.62	11.14	7.87	0.10	0.10
76.0	15.00	14.07	10.57	10.76	7.25	0.08	0.10
76.0	16.00	14.19	10.69	10.37	6.66	0.09	0.10
76.0	17.00	14.20	10.35	10.06	6.20	0.06	0.07
76.0	18.00	12.91	11.04	8.39	6.52	0.07	0.08
76.0	19.00	12.63	12.68	8.48	8.53	0.06	0.07
76.0	20.00	10.84	11.85	6.14	7.13	0.06	0.06
76.0	21.00	10.51	12.01	6.33	7.82	0.06	0.06
76.0	22.00	10.42	11.92	6.56	8.06	0.07	0.06
76.0	23.00	9.89	11.15	6.33	7.58	0.08	0.06
74.0	0.00	22.40	23.64	17.51	18.75	0.07	0.05
74.0	1.00	23.30	21.51	19.24	17.45	0.07	0.04
74.0	2.00	21.31	21.30	17.42	17.61	0.07	0.04
74.0	3.00	21.10	20.78	17.77	17.25	0.07	0.04
74.0	4.00	19.75	18.51	16.21	14.98	0.06	0.04
74.0	5.00	11.23	16.04	7.48	12.30	0.08	0.04
74.0	6.00	11.75	14.87	7.30	10.42	0.07	0.04
74.0	7.00	9.61	14.43	4.74	9.56	0.08	0.04
74.0	8.00	10.25	13.45	4.78	7.98	0.05	0.05
74.0	9.00	11.95	13.75	6.33	8.47	0.06	0.05
74.0	10.00	12.94	13.38	7.85	8.29	0.06	0.05
74.0	11.00	12.60	12.70	8.18	8.67	0.04	0.05
74.0	12.00	12.57	12.04	9.40	8.86	0.05	0.04
74.0	13.00	12.29	10.39	9.00	7.10	0.06	0.05
74.0	14.00	13.85	8.99	10.42	5.87	0.10	0.10
74.0	15.00	13.30	7.87	9.75	4.31	0.10	0.10
74.0	16.00	13.02	9.40	9.00	5.38	0.10	0.09
74.0	17.00	14.08	11.15	9.71	6.78	0.05	0.07
74.0	18.00	13.08	12.19	8.03	7.13	0.06	0.07
74.0	19.00	13.66	13.57	8.30	8.20	0.04	0.06
74.0	20.00	23.05	25.26	17.09	18.86	0.04	0.05
74.0	21.00	22.15	25.32	15.74	18.90	0.05	0.05
74.0	22.00	24.00	25.91	17.60	19.84	0.06	0.05
74.0	23.00	22.71	23.08	16.99	17.88	0.06	0.05
72.0	0.00	26.18	26.72	20.07	20.61	0.06	0.04
72.0	1.00	23.88	24.73	18.16	19.01	0.06	0.04
72.0	2.00	25.04	24.45	20.04	19.71	0.06	0.04
72.0	3.00	22.68	24.06	18.49	19.53	0.06	0.04
72.0	4.00	22.87	21.65	18.24	17.02	0.06	0.04
72.0	5.00	18.34	18.17	13.27	13.10	0.06	0.04
72.0	6.00	17.66	17.74	11.71	11.79	0.06	0.05
72.0	7.00	14.38	15.30	7.00	7.93	0.06	0.05
72.0	8.00	16.68	15.38	8.49	7.74	0.06	0.05
72.0	9.00	17.60	16.81	10.70	9.90	0.06	0.04
72.0	10.00	14.79	15.00	9.16	9.38	0.07	0.04
72.0	11.00	12.77	13.33	7.95	8.52	0.06	0.05
72.0	12.00	12.30	10.46	7.96	6.39	0.06	0.05
72.0	13.00	12.79	9.38	9.40	5.99	0.07	0.06
72.0	14.00	12.71	8.16	9.75	4.95	0.10	0.06
72.0	15.00	12.71	7.80	9.67	4.60	0.10	0.07
72.0	16.00	12.72	7.91	9.05	3.96	0.07	0.06
72.0	17.00	13.66	9.09	9.01	4.44	0.06	0.07
72.0	18.00	14.25	11.62	8.75	6.46	0.04	0.06
72.0	19.00	21.68	25.02	15.51	18.86	0.04	0.06
72.0	20.00	27.27	30.44	20.09	23.25	0.04	0.05
72.0	21.00	26.65	28.49	19.17	21.02	0.04	0.05
72.0	22.00	29.26	32.06	21.66	24.98	0.05	0.05
72.0	23.00	25.85	28.38	19.13	21.67	0.05	0.04
70.0	0.00	29.93	29.33	22.03	21.90	0.05	0.04
70.0	1.00	26.50	29.87	19.58	22.94	0.06	0.04
70.0	2.00	28.27	27.13	22.11	20.97	0.06	0.04
70.0	3.00	26.15	26.68	20.10	20.64	0.06	0.04
70.0	4.00	24.79	24.88	18.86	18.48	0.06	0.05
70.0	5.00	22.14	22.21	14.63	14.70	0.06	0.05
70.0	6.00	20.54	20.20	11.94	11.61	0.07	0.05
70.0	7.00	18.93	18.79	10.54	10.41	0.08	0.06
70.0	8.00	21.77	19.15	13.71	11.09	0.11	0.07
70.0	9.00	18.20	18.43	10.65	10.88	0.08	0.10
70.0	10.00	15.99	16.61	9.73	10.36	0.09	0.11
70.0	11.00	14.96	13.54	9.34	7.92	0.08	0.10
70.0	12.00	12.05	11.13	7.51	6.98	0.04	0.09
70.0	13.00	12.75	10.79	9.31	7.56	0.04	0.08
70.0	14.00	12.28	9.23	9.28	6.22	0.06	0.08
70.0	15.00	12.71	8.37	9.95	5.61	0.09	0.07
70.0	16.00	11.52	7.95	8.63	5.06	0.08	0.06
70.0	17.00	12.19	8.63	8.42	4.87	0.06	0.06
70.0	18.00	14.50	9.93	9.26	4.68	0.04	0.05
70.0	19.00	24.66	28.41	17.32	21.70	0.04	0.05
70.0	20.00	30.40	34.04	22.99	26.64	0.03	0.05
70.0	21.00	32.94	35.95	24.14	27.62	0.04	0.05
70.0	22.00	29.41	34.87	20.09	26.16	0.04	0.04
70.0	23.00	32.26	32.89	23.62	24.26	0.04	0.04
68.0	0.00	30.55	33.32	21.42	24.20	0.04	0.04
68.0	1.00	28.52	32.89	20.59	24.46	0.05	0.05
68.0	2.00	28.13	31.06	20.36	23.30	0.05	0.05
68.0	3.00	27.59	29.59	19.81	21.14	0.06	0.05
68.0	4.00	26.98	29.73	17.83	20.58	0.06	0.05
68.0	5.00	27.06	24.50	17.01	15.30	0.05	0.05
68.0	6.00	23.45	23.67	13.02	14.05	0.05	0.06
68.0	7.00	23.30	19.95	14.38	11.03	0.05	0.07
68.0	8.00	22.29	18.74	14.36	10.80	0.10	0.07
68.0	9.00	20.84	18.70	14.24	12.11	0.09	0.07
68.0	10.00	14.89	14.45	8.97	9.10	0.11	0.10
68.0	11.00	12.61	11.23	8.22	6.84	0.09	0.10
68.0	12.00	12.94	11.12	8.99	7.56	0.09	0.08
68.0	13.00	12.84	11.23	9.77	8.46	0.08	0.07
68.0	14.00	13.71	10.89	11.47	8.53	0.09	0.06
68.0	15.00	12.70	10.29	10.61	8.21	0.08	0.05
68.0	16.00	13.11	8.79	11.19	6.67	0.07	0.05
68.0	17.00	12.43	9.49	9.68	6.74	0.06	0.05
68.0	18.00	13.88	10.75	9.69	6.57	0.04	0.05
68.0	19.00	28.88	28.03	22.42	21.57	0.04	0.05
68.0	20.00	33.90	32.84	25.64	25.03	0.03	0.05
68.0	21.00	32.00	34.79	22.85	26.19	0.03	0.05
68.0	22.00	32.87	38.27	22.91	29.03	0.04	0.04
68.0	23.00	34.55	38.04	24.89	28.37	0.04	0.04
66.0	0.00	31.54	33.98	21.83	25.12	0.04	0.05
66.0	1.00	30.41	33.60	21.44	24.64	0.05	0.06
66.0	2.00	28.00	33.56	19.65	25.21	0.05	0.06
66.0	3.00	30.22	33.65	21.81	25.24	0.05	0.05
66.0	4.00	31.48	32.34	23.02	23.88	0.05	0.05
66.0	5.00	30.26	29.03	20.26	19.83	0.05	0.05
66.0	6.00	25.14	23.60	15.90	15.19	0.05	0.05
66.0	7.00	22.00	19.77	15.19	12.94	0.06	0.06
66.0	8.00	19.34	16.70	13.54	10.90	0.11	0.07
66.0	9.00	13.71	13.46	8.79	8.54	0.12	0.07
66.0	10.00	11.26	10.59	7.03	6.35	0.11	0.08
66.0	11.00	11.02	10.21	7.35	6.78	0.11	0.08
66.0	12.00	12.28	9.30	9.37	6.58	0.11	0.08
66.0	13.00	12.61	10.21	10.57	8.17	0.11	0.08
66.0	14.00	15.19	10.89	13.58	9.28	0.09	0.07
66.0	15.00	13.32	9.87	11.86	8.27	0.11	0.05
66.0	16.00	11.10	9.34	9.49	7.73	0.08	0.04
66.0	17.00	11.73	9.88	9.86	8.00	0.06	0.04
66.0	18.00	13.26	11.56	10.54	8.84	0.07	0.04
66.0	19.00	27.19	23.76	22.98	19.56	0.04	0.05
66.0	20.00	30.84	27.60	24.79	21.55	0.03	0.05
66.0	21.00	31.18	34.91	22.94	27.10	0.03	0.05
66.0	22.00	35.04	35.47	26.34	26.76	0.04	0.05
66.0	23.00	34.33	36.46	24.19	27.07	0.04	0.06
64.0	0.00	29.91	33.64	22.30	25.56	0.04	0.06
64.0	1.00	32.29	33.60	23.52	25.32	0.04	0.07
64.0	2.00	32.19	33.61	24.15	25.56	0.05	0.07
64.0	3.00	29.11	33.61	21.80	26.30	0.05	0.06
64.0	4.00	29.99	32.34	23.55	25.90	0.05	0.05
64.0	5.00	29.76	24.24	24.18	19.05	0.04	0.05
64.0	6.00	25.16	21.41	19.71	15.96	0.05	0.06
64.0	7.00	18.69	14.69	13.66	9.94	0.06	0.07
64.0	8.00	14.04	11.66	10.58	8.21	0.10	0.07
64.0	9.00	11.96	8.82	9.16	6.02	0.11	0.07
64.0	10.00	5.08	4.16	3.77	2.84	0.16	0.07
64.0	11.00	4.67	4.22	3.59	3.08	0.18	0.07
64.0	12.00	4.61	4.56	3.64	3.59	0.20	0.07
64.0	13.00	4.66	4.96	3.72	4.08	0.22	0.07
64.0	14.00	4.58	5.35	3.79	4.57	0.19	0.05
64.0	15.00	3.71	5.71	3.02	5.03	0.21	0.05
64.0	16.00	6.81	9.83	5.55	8.57	0.13	0.04
64.0	17.00	8.02	10.87	6.74	9.59	0.12	0.04
64.0	18.00	12.50	11.68	10.79	9.98	0.09	0.04
64.0	19.00	24.78	19.31	22.57	17.10	0.06	0.04
64.0	20.00	29.65	24.48	25.92	20.76	0.04	0.05
64.0	21.00	30.49	29.20	24.85	23.56	0.04	0.05
64.0	22.00	30.84	28.77	23.77	22.26	0.04	0.06
64.0	23.00	32.96	35.89	25.58	28.51	0.04	0.07
62.0	0.00	24.98	21.51	21.45	17.79	0.04	0.07
62.0	1.00	24.92	17.99	20.87	14.29	0.04	0.10
62.0	2.00	24.42	16.96	21.02	13.56	0.05	0.08
62.0	3.00	23.95	20.92	21.20	18.16	0.05	0.06
62.0	4.00	23.73	17.96	21.36	15.58	0.05	0.06
62.0	5.00	20.60	16.80	18.61	14.80	0.05	0.04
62.0	6.00	17.65	13.67	15.56	11.58	0.06	0.08
62.0	7.00	12.80	9.87	10.81	8.04	0.10	0.08
62.0	8.00	9.32	7.31	8.05	6.04	0.15	0.09
62.0	9.00	5.29	4.16	4.16	3.02	0.17	0.09
62.0	10.00	5.14	3.76	4.59	3.17	0.18	0.08
62.0	11.00	4.63	3.85	4.12	3.29	0.20	0.07
62.0	12.00	4.93	3.95	4.36	3.35	0.23	0.07
62.0	13.00	4.49	4.13	3.92	3.56	0.27	0.07
62.0	14.00	3.88	4.60	3.31	4.03	0.31	0.05
62.0	15.00	3.22	4.43	2.68	3.88	0.29	0.04
62.0	16.00	3.46	5.62	2.87	5.04	0.19	0.04
62.0	17.00	5.61	7.30	4.82	6.52	0.20	0.04
62.0	18.00	9.08	10.92	8.06	9.86	0.13	0.04
62.0	19.00	18.66	14.04	17.34	12.72	0.10	0.04
62.0	20.00	28.91	20.71	27.29	18.94	0.07	0.05
62.0	21.00	30.39	22.27	27.74	19.62	0.04	0.06
62.0	22.00	29.86	23.66	26.84	20.64	0.04	0.06
62.0	23.00	25.03	18.41	21.64	15.02	0.04	0.07
60.0	0.00	24.92	17.99	21.39	14.47	0.04	0.12
60.0	1.00	24.42	16.96	20.55	13.09	0.05	0.12
60.0	2.00	23.95	16.31	21.20	13.55	0.05	0.08
60.0	3.00	23.95	16.31	22.06	14.42	0.04	0.05
60.0	4.00	23.50	20.38	21.61	18.49	0.05	0.08
60.0	5.00	15.08	12.65	13.09	10.65	0.06	0.05
60.0	6.00	12.80	9.75	10.81	7.76	0.13	0.07
60.0	7.00	12.66	7.32	11.11	5.76	0.13	0.10
60.0	8.00	5.99	3.92	5.33	3.25	0.15	0.11
60.0	9.00	5.14	3.92	4.59	3.38	0.18	0.09
60.0	10.00	4.86	3.90	4.35	3.39	0.20	0.08
60.0	11.00	4.81	3.90	4.30	3.39	0.23	0.07
60.0	12.00	4.49	3.99	3.92	3.42	0.27	0.06
60.0	13.00	3.88	4.12	3.31	3.55	0.31	0.05
60.0	14.00	3.22	4.24	2.78	3.79	0.29	0.05
60.0	15.00	2.89	4.61	2.43	4.15	0.33	0.04
60.0	16.00	4.69	7.58	3.77	6.67	0.20	0.04
60.0	17.00	5.61	9.78	4.59	8.77	0.20	0.03
60.0	18.00	14.53	10.97	13.52	9.96	0.14	0.04
60.0	19.00	22.80	16.39	21.79	15.37	0.09	0.04
60.0	20.00	29.33	22.44	27.71	20.82	0.06	0.06
60.0	21.00	22.49	15.89	19.84	13.24	0.04	0.06
60.0	22.00	25.03	18.41	21.64	15.02	0.03	0.08
60.0	23.00	25.03	18.41	21.64	15.02	0.04	0.10
