PEDERSEN CONDUCTANCE COEFFICIENTS
From RIDLEY ET AL (2004)

#DIMENSIONS
24	nMlt
16	nLat

Lat	MLT	A0_up	A0_do	A1_up	A1_do	A2_up	A2_do

#START
90.0	0.0	0.93	0.92	0.08	0.07	0.37	0.18
90.0	1.0	0.95	0.94	0.08	0.07	0.39	0.17
90.0	2.0	0.96	0.95	0.06	0.07	0.59	0.13
90.0	3.0	0.96	0.96	0.05	0.06	0.30	0.07
90.0	4.0	0.98	0.99	0.04	0.07	0.16	0.08
90.0	5.0	0.97	1.00	0.02	0.07	0.24	0.04
90.0	6.0	1.01	1.05	0.02	0.07	0.35	0.04
90.0	7.0	1.05	1.08	0.03	0.07	0.18	0.02
90.0	8.0	1.11	1.13	0.03	0.07	0.19	0.01
90.0	9.0	1.14	1.15	0.05	0.06	0.15	0.01
90.0	10.0	1.14	1.15	0.06	0.06	0.10	0.01
90.0	11.0	1.17	1.18	0.05	0.06	0.06	0.02
90.0	12.0	1.20	1.19	0.06	0.04	0.04	0.01
90.0	13.0	1.23	1.22	0.07	0.04	0.06	0.04
90.0	14.0	1.25	1.24	0.07	0.05	0.04	0.07
90.0	15.0	1.29	1.28	0.08	0.06	0.03	0.04
90.0	16.0	1.33	1.32	0.07	0.07	0.02	0.03
90.0	17.0	1.31	1.32	0.05	0.08	0.01	0.02
90.0	18.0	1.25	1.27	0.04	0.09	0.00	0.03
90.0	19.0	1.16	1.19	0.06	0.09	0.08	0.02
90.0	20.0	1.09	1.12	0.07	0.09	0.09	0.02
90.0	21.0	1.04	1.06	0.07	0.08	0.10	0.01
90.0	22.0	0.98	0.99	0.07	0.08	0.15	0.15
90.0	23.0	0.95	0.95	0.07	0.06	0.23	0.08
88.0	0.0	0.95	0.94	0.08	0.08	0.30	0.19
88.0	1.0	0.98	0.96	0.07	0.07	0.38	0.13
88.0	2.0	0.98	0.97	0.05	0.06	0.43	0.09
88.0	3.0	0.98	0.99	0.04	0.06	0.14	0.09
88.0	4.0	0.99	1.01	0.04	0.07	0.17	0.07
88.0	5.0	0.99	1.03	0.03	0.07	0.31	0.04
88.0	6.0	1.04	1.08	0.04	0.08	0.29	0.07
88.0	7.0	1.10	1.12	0.04	0.07	0.13	0.05
88.0	8.0	1.15	1.17	0.05	0.08	0.14	0.06
88.0	9.0	1.17	1.17	0.08	0.07	0.12	0.06
88.0	10.0	1.17	1.17	0.07	0.06	0.08	0.05
88.0	11.0	1.20	1.20	0.06	0.06	0.06	0.03
88.0	12.0	1.23	1.22	0.08	0.05	0.05	0.04
88.0	13.0	1.25	1.24	0.07	0.05	0.06	0.08
88.0	14.0	1.27	1.25	0.08	0.06	0.03	0.06
88.0	15.0	1.29	1.29	0.07	0.08	0.03	0.05
88.0	16.0	1.31	1.31	0.06	0.08	0.02	0.04
88.0	17.0	1.26	1.28	0.05	0.08	0.07	0.04
88.0	18.0	1.19	1.22	0.04	0.09	0.04	0.05
88.0	19.0	1.12	1.15	0.07	0.09	0.16	0.03
88.0	20.0	1.06	1.10	0.06	0.09	0.10	0.03
88.0	21.0	1.00	1.03	0.06	0.09	0.15	0.07
88.0	22.0	0.96	0.96	0.06	0.07	0.20	0.13
88.0	23.0	0.95	0.95	0.07	0.06	0.30	0.05
86.0	0.0	1.00	1.00	0.07	0.10	0.09	0.17
86.0	1.0	1.01	1.02	0.07	0.08	0.13	0.09
86.0	2.0	1.02	1.02	0.07	0.07	0.12	0.11
86.0	3.0	1.01	1.04	0.07	0.06	0.17	0.16
86.0	4.0	1.01	1.04	0.08	0.07	0.34	0.09
86.0	5.0	1.02	1.05	0.08	0.08	0.31	0.10
86.0	6.0	1.07	1.09	0.09	0.12	0.21	0.21
86.0	7.0	1.12	1.14	0.09	0.11	0.12	0.21
86.0	8.0	1.17	1.18	0.10	0.11	0.07	0.26
86.0	9.0	1.20	1.19	0.12	0.11	0.13	0.23
86.0	10.0	1.22	1.22	0.11	0.10	0.14	0.13
86.0	11.0	1.25	1.25	0.11	0.10	0.13	0.09
86.0	12.0	1.25	1.25	0.10	0.10	0.11	0.12
86.0	13.0	1.24	1.24	0.09	0.09	0.08	0.12
86.0	14.0	1.22	1.21	0.08	0.08	0.07	0.10
86.0	15.0	1.21	1.21	0.07	0.08	0.05	0.13
86.0	16.0	1.21	1.21	0.07	0.08	0.09	0.14
86.0	17.0	1.21	1.20	0.06	0.07	0.17	0.11
86.0	18.0	1.20	1.21	0.05	0.08	0.14	0.11
86.0	19.0	1.15	1.21	0.05	0.11	0.26	0.08
86.0	20.0	1.09	1.15	0.04	0.12	0.15	0.08
86.0	21.0	1.03	1.07	0.05	0.10	0.21	0.06
86.0	22.0	1.01	1.02	0.07	0.09	0.24	0.08
86.0	23.0	0.99	1.01	0.08	0.09	0.36	0.06
84.0	0.0	1.03	1.05	0.08	0.14	0.19	0.14
84.0	1.0	1.04	1.05	0.08	0.12	0.22	0.11
84.0	2.0	1.05	1.05	0.08	0.09	0.18	0.09
84.0	3.0	1.04	1.06	0.08	0.09	0.29	0.12
84.0	4.0	1.04	1.07	0.10	0.10	0.42	0.07
84.0	5.0	1.05	1.08	0.12	0.12	0.33	0.09
84.0	6.0	1.06	1.09	0.11	0.15	0.21	0.22
84.0	7.0	1.08	1.10	0.12	0.15	0.16	0.27
84.0	8.0	1.11	1.12	0.12	0.15	0.12	0.29
84.0	9.0	1.18	1.20	0.13	0.16	0.14	0.21
84.0	10.0	1.26	1.28	0.15	0.16	0.15	0.13
84.0	11.0	1.33	1.35	0.16	0.18	0.18	0.11
84.0	12.0	1.32	1.35	0.16	0.21	0.17	0.14
84.0	13.0	1.27	1.30	0.15	0.19	0.15	0.17
84.0	14.0	1.24	1.25	0.13	0.15	0.11	0.18
84.0	15.0	1.25	1.23	0.13	0.13	0.07	0.20
84.0	16.0	1.26	1.23	0.13	0.12	0.06	0.19
84.0	17.0	1.27	1.22	0.11	0.11	0.11	0.15
84.0	18.0	1.23	1.20	0.12	0.12	0.23	0.16
84.0	19.0	1.13	1.19	0.10	0.17	0.35	0.14
84.0	20.0	1.07	1.13	0.09	0.16	0.29	0.12
84.0	21.0	1.04	1.06	0.09	0.12	0.22	0.10
84.0	22.0	1.04	1.04	0.10	0.14	0.23	0.17
84.0	23.0	1.03	1.06	0.10	0.16	0.29	0.13
82.0	0.0	1.22	1.24	0.20	0.29	0.25	0.14
82.0	1.0	1.28	1.29	0.26	0.29	0.26	0.10
82.0	2.0	1.38	1.40	0.33	0.37	0.22	0.10
82.0	3.0	1.37	1.48	0.29	0.42	0.24	0.12
82.0	4.0	1.33	1.46	0.28	0.41	0.31	0.11
82.0	5.0	1.27	1.41	0.29	0.41	0.34	0.11
82.0	6.0	1.23	1.36	0.28	0.41	0.29	0.14
82.0	7.0	1.22	1.39	0.25	0.44	0.24	0.14
82.0	8.0	1.24	1.43	0.26	0.46	0.19	0.13
82.0	9.0	1.34	1.49	0.27	0.43	0.13	0.12
82.0	10.0	1.46	1.65	0.30	0.49	0.11	0.11
82.0	11.0	1.52	1.76	0.31	0.54	0.13	0.10
82.0	12.0	1.53	1.72	0.34	0.53	0.14	0.11
82.0	13.0	1.50	1.69	0.32	0.53	0.13	0.13
82.0	14.0	1.50	1.65	0.31	0.51	0.12	0.16
82.0	15.0	1.53	1.64	0.34	0.50	0.13	0.17
82.0	16.0	1.56	1.60	0.40	0.46	0.15	0.17
82.0	17.0	1.59	1.53	0.42	0.41	0.16	0.20
82.0	18.0	1.58	1.42	0.48	0.34	0.25	0.19
82.0	19.0	1.46	1.35	0.45	0.32	0.36	0.18
82.0	20.0	1.36	1.38	0.39	0.40	0.37	0.14
82.0	21.0	1.32	1.30	0.35	0.35	0.28	0.14
82.0	22.0	1.26	1.27	0.24	0.36	0.25	0.18
82.0	23.0	1.27	1.26	0.24	0.36	0.23	0.14
80.0	0.0	2.08	2.13	0.86	1.10	0.16	0.11
80.0	1.0	2.34	2.36	1.15	1.18	0.17	0.08
80.0	2.0	2.60	2.80	1.33	1.56	0.17	0.08
80.0	3.0	2.29	3.03	0.97	1.72	0.20	0.08
80.0	4.0	2.13	2.91	0.89	1.64	0.23	0.08
80.0	5.0	2.04	2.66	0.91	1.49	0.24	0.08
80.0	6.0	1.98	2.56	0.93	1.48	0.22	0.08
80.0	7.0	1.88	2.63	0.79	1.60	0.19	0.08
80.0	8.0	1.86	2.60	0.80	1.55	0.18	0.08
80.0	9.0	2.06	2.59	0.91	1.45	0.13	0.08
80.0	10.0	2.16	2.98	0.91	1.72	0.10	0.07
80.0	11.0	2.36	3.04	1.06	1.70	0.10	0.07
80.0	12.0	2.33	2.93	1.04	1.67	0.10	0.07
80.0	13.0	2.41	3.07	1.12	1.85	0.09	0.08
80.0	14.0	2.43	3.07	1.11	1.86	0.09	0.09
80.0	15.0	2.67	3.03	1.37	1.86	0.10	0.10
80.0	16.0	2.67	2.81	1.45	1.67	0.11	0.12
80.0	17.0	2.78	2.57	1.53	1.44	0.11	0.14
80.0	18.0	2.80	2.27	1.63	1.18	0.14	0.14
80.0	19.0	2.49	2.26	1.42	1.21	0.18	0.13
80.0	20.0	2.18	2.59	1.17	1.56	0.21	0.09
80.0	21.0	2.24	2.35	1.25	1.36	0.21	0.08
80.0	22.0	1.92	2.42	0.82	1.46	0.20	0.10
80.0	23.0	1.89	2.26	0.69	1.33	0.17	0.11
78.0	0.0	3.76	3.91	2.23	2.68	0.09	0.09
78.0	1.0	4.05	4.43	2.61	3.05	0.12	0.07
78.0	2.0	4.26	4.98	2.80	3.55	0.13	0.06
78.0	3.0	3.28	5.40	1.79	3.87	0.17	0.05
78.0	4.0	3.04	5.19	1.65	3.66	0.19	0.05
78.0	5.0	3.05	4.80	1.75	3.36	0.19	0.05
78.0	6.0	3.03	4.65	1.79	3.36	0.18	0.05
78.0	7.0	2.84	4.78	1.58	3.57	0.16	0.05
78.0	8.0	2.96	4.47	1.75	3.22	0.15	0.06
78.0	9.0	3.31	4.51	1.96	3.17	0.12	0.06
78.0	10.0	3.67	5.18	2.15	3.71	0.09	0.05
78.0	11.0	4.22	4.97	2.65	3.45	0.07	0.06
78.0	12.0	4.31	5.08	2.78	3.67	0.07	0.06
78.0	13.0	4.67	5.35	3.15	4.01	0.06	0.07
78.0	14.0	4.81	5.37	3.24	3.97	0.06	0.08
78.0	15.0	5.03	5.12	3.55	3.83	0.07	0.09
78.0	16.0	4.86	4.89	3.44	3.62	0.07	0.09
78.0	17.0	4.88	4.41	3.47	3.22	0.08	0.09
78.0	18.0	4.88	4.16	3.60	3.04	0.09	0.09
78.0	19.0	3.84	4.33	2.70	3.24	0.13	0.08
78.0	20.0	3.99	4.51	2.92	3.40	0.14	0.07
78.0	21.0	3.95	4.20	2.91	3.15	0.14	0.07
78.0	22.0	3.12	4.72	1.94	3.67	0.15	0.07
78.0	23.0	2.89	4.16	1.54	3.18	0.13	0.08
76.0	0.0	4.84	5.99	3.23	4.51	0.09	0.06
76.0	1.0	5.22	6.55	3.67	5.01	0.10	0.06
76.0	2.0	5.38	6.90	3.77	5.24	0.11	0.05
76.0	3.0	5.02	7.95	3.17	6.05	0.13	0.04
76.0	4.0	4.83	7.95	3.01	6.03	0.14	0.04
76.0	5.0	4.11	7.30	2.40	5.52	0.14	0.05
76.0	6.0	3.74	6.75	2.20	5.24	0.14	0.05
76.0	7.0	3.77	6.55	2.25	5.12	0.14	0.05
76.0	8.0	4.15	6.16	2.66	4.70	0.13	0.06
76.0	9.0	4.88	6.46	3.18	4.88	0.10	0.06
76.0	10.0	5.56	6.89	3.66	5.15	0.08	0.06
76.0	11.0	6.25	6.25	4.32	4.49	0.06	0.07
76.0	12.0	6.51	6.17	4.73	4.56	0.06	0.08
76.0	13.0	6.88	6.04	5.13	4.55	0.05	0.10
76.0	14.0	6.85	5.62	5.13	4.18	0.05	0.12
76.0	15.0	6.83	5.54	5.19	4.18	0.06	0.14
76.0	16.0	6.88	5.65	5.26	4.22	0.06	0.14
76.0	17.0	6.84	6.24	5.24	4.92	0.06	0.09
76.0	18.0	6.73	6.43	5.29	5.23	0.07	0.07
76.0	19.0	5.56	6.50	4.30	5.34	0.09	0.06
76.0	20.0	6.13	6.05	4.99	4.86	0.09	0.07
76.0	21.0	5.67	5.95	4.59	4.80	0.10	0.07
76.0	22.0	4.87	6.28	3.68	5.10	0.12	0.06
76.0	23.0	4.49	5.62	3.14	4.53	0.12	0.07
74.0	0.0	5.69	7.88	4.00	6.21	0.09	0.05
74.0	1.0	6.75	7.92	5.00	6.16	0.08	0.05
74.0	2.0	7.09	8.14	5.24	6.24	0.09	0.04
74.0	3.0	8.08	9.39	5.85	7.20	0.08	0.04
74.0	4.0	7.18	9.88	4.89	7.67	0.09	0.04
74.0	5.0	5.59	9.19	3.48	7.13	0.11	0.04
74.0	6.0	4.97	8.45	3.16	6.68	0.12	0.04
74.0	7.0	5.18	7.75	3.37	6.03	0.11	0.05
74.0	8.0	5.79	7.67	3.91	5.86	0.10	0.05
74.0	9.0	6.23	8.13	4.17	6.13	0.09	0.05
74.0	10.0	6.70	7.94	4.45	5.83	0.08	0.05
74.0	11.0	6.84	6.80	4.60	4.70	0.06	0.07
74.0	12.0	6.88	5.90	4.81	3.98	0.06	0.11
74.0	13.0	6.94	5.22	4.99	3.53	0.06	0.14
74.0	14.0	7.02	4.73	5.18	3.19	0.05	0.18
74.0	15.0	7.18	4.67	5.35	3.12	0.06	0.21
74.0	16.0	7.57	4.90	5.74	3.28	0.05	0.20
74.0	17.0	7.62	6.22	5.75	4.58	0.05	0.12
74.0	18.0	7.48	7.14	5.82	5.69	0.06	0.08
74.0	19.0	6.80	7.94	5.28	6.55	0.06	0.05
74.0	20.0	6.38	7.82	5.01	6.51	0.07	0.05
74.0	21.0	6.65	7.08	5.37	5.79	0.07	0.06
74.0	22.0	6.44	6.62	5.02	5.23	0.08	0.06
74.0	23.0	6.14	6.28	4.60	4.98	0.08	0.06
72.0	0.0	7.37	9.08	5.40	7.08	0.07	0.04
72.0	1.0	7.60	8.42	5.59	6.43	0.07	0.04
72.0	2.0	7.02	7.90	5.00	5.89	0.08	0.04
72.0	3.0	6.99	8.07	4.78	5.89	0.08	0.04
72.0	4.0	6.93	8.40	4.73	6.24	0.08	0.04
72.0	5.0	7.25	8.86	5.04	6.81	0.07	0.04
72.0	6.0	7.59	9.27	5.40	7.14	0.08	0.04
72.0	7.0	8.00	8.70	5.65	6.26	0.08	0.04
72.0	8.0	8.86	8.85	6.22	6.11	0.07	0.05
72.0	9.0	9.17	9.56	6.27	6.62	0.07	0.05
72.0	10.0	8.68	9.38	5.68	6.45	0.06	0.05
72.0	11.0	7.75	7.57	5.02	4.88	0.06	0.07
72.0	12.0	6.97	6.00	4.73	3.69	0.06	0.10
72.0	13.0	6.59	4.99	4.54	3.08	0.05	0.12
72.0	14.0	6.80	4.78	4.90	3.00	0.05	0.12
72.0	15.0	6.90	4.99	4.88	3.05	0.05	0.13
72.0	16.0	7.52	5.00	5.38	2.86	0.05	0.14
72.0	17.0	7.79	5.35	5.63	3.09	0.05	0.13
72.0	18.0	8.37	6.62	6.30	4.64	0.04	0.09
72.0	19.0	8.52	7.91	6.55	6.19	0.04	0.06
72.0	20.0	7.39	8.48	5.55	6.87	0.05	0.05
72.0	21.0	7.45	7.71	5.71	6.05	0.05	0.05
72.0	22.0	6.60	7.20	4.73	5.37	0.06	0.05
72.0	23.0	6.89	7.31	4.92	5.52	0.06	0.05
70.0	0.0	10.59	10.42	8.21	7.83	0.06	0.04
70.0	1.0	9.32	9.79	6.94	7.30	0.06	0.04
70.0	2.0	7.90	8.72	5.45	6.36	0.07	0.04
70.0	3.0	7.36	8.56	4.67	6.01	0.07	0.05
70.0	4.0	7.42	8.29	4.91	5.88	0.07	0.05
70.0	5.0	8.88	9.17	6.27	6.71	0.06	0.05
70.0	6.0	10.11	10.20	7.24	7.35	0.06	0.04
70.0	7.0	10.66	10.96	7.24	7.59	0.06	0.05
70.0	8.0	11.66	10.70	8.02	6.88	0.06	0.06
70.0	9.0	11.95	10.34	8.52	6.46	0.06	0.06
70.0	10.0	9.34	9.88	6.14	6.28	0.06	0.06
70.0	11.0	7.68	7.57	4.95	4.52	0.07	0.07
70.0	12.0	6.71	6.17	4.45	3.64	0.07	0.08
70.0	13.0	6.77	5.38	4.41	3.12	0.05	0.09
70.0	14.0	7.36	5.28	5.14	3.05	0.05	0.10
70.0	15.0	7.43	5.19	5.00	2.83	0.05	0.09
70.0	16.0	7.83	5.49	5.31	3.04	0.05	0.09
70.0	17.0	8.20	5.54	5.76	3.01	0.05	0.10
70.0	18.0	9.67	6.15	7.15	3.75	0.04	0.11
70.0	19.0	10.14	7.40	7.60	5.16	0.04	0.09
70.0	20.0	9.37	8.28	6.91	6.13	0.04	0.07
70.0	21.0	9.30	9.09	6.86	6.84	0.04	0.05
70.0	22.0	8.28	8.53	5.75	6.07	0.05	0.05
70.0	23.0	9.36	9.70	6.77	7.14	0.05	0.05
68.0	0.0	14.16	10.62	11.21	7.79	0.04	0.05
68.0	1.0	12.60	10.19	9.70	7.45	0.05	0.05
68.0	2.0	10.34	10.05	7.20	7.33	0.05	0.05
68.0	3.0	10.30	10.45	7.05	7.34	0.06	0.05
68.0	4.0	9.62	9.94	6.41	6.84	0.06	0.05
68.0	5.0	10.94	10.55	7.25	7.31	0.05	0.05
68.0	6.0	12.22	11.75	8.19	8.17	0.05	0.06
68.0	7.0	12.72	12.97	8.53	9.30	0.05	0.07
68.0	8.0	11.58	11.65	7.83	7.78	0.05	0.07
68.0	9.0	10.14	9.55	7.07	6.06	0.06	0.07
68.0	10.0	7.74	8.30	5.09	5.30	0.07	0.07
68.0	11.0	7.16	6.39	4.79	3.78	0.08	0.07
68.0	12.0	7.63	6.54	5.30	3.98	0.07	0.07
68.0	13.0	8.63	7.14	5.99	4.20	0.06	0.07
68.0	14.0	10.31	7.50	7.53	4.38	0.05	0.07
68.0	15.0	9.74	7.05	6.90	4.11	0.05	0.07
68.0	16.0	9.27	6.70	6.59	4.15	0.05	0.07
68.0	17.0	8.99	6.66	6.70	4.27	0.05	0.06
68.0	18.0	11.38	7.41	8.84	4.85	0.04	0.07
68.0	19.0	11.85	8.14	8.96	5.34	0.04	0.07
68.0	20.0	11.45	9.00	8.27	6.11	0.04	0.07
68.0	21.0	12.79	10.89	9.37	7.69	0.03	0.05
68.0	22.0	12.45	11.09	9.15	7.64	0.04	0.04
68.0	23.0	13.26	12.18	9.97	8.74	0.04	0.04
66.0	0.0	16.66	12.20	12.91	8.85	0.04	0.06
66.0	1.0	14.32	10.88	10.72	7.63	0.04	0.06
66.0	2.0	12.94	10.90	9.11	7.20	0.05	0.06
66.0	3.0	13.25	11.32	9.36	7.08	0.05	0.06
66.0	4.0	12.99	11.22	8.43	6.73	0.05	0.06
66.0	5.0	13.80	11.78	8.46	7.06	0.04	0.06
66.0	6.0	14.15	12.42	9.04	7.60	0.04	0.06
66.0	7.0	13.28	11.58	8.91	7.43	0.04	0.07
66.0	8.0	9.78	9.23	6.53	5.86	0.06	0.07
66.0	9.0	6.96	7.04	4.65	4.20	0.09	0.06
66.0	10.0	6.61	5.76	4.58	3.31	0.09	0.07
66.0	11.0	7.31	4.93	5.29	2.64	0.10	0.07
66.0	12.0	8.19	6.09	5.92	3.71	0.10	0.07
66.0	13.0	9.43	6.58	6.86	3.80	0.09	0.06
66.0	14.0	9.98	8.22	7.48	5.25	0.14	0.05
66.0	15.0	8.85	8.82	6.54	6.15	0.13	0.04
66.0	16.0	7.77	7.98	5.60	5.77	0.11	0.04
66.0	17.0	7.66	7.21	5.79	5.18	0.06	0.04
66.0	18.0	9.80	8.77	7.73	6.50	0.04	0.04
66.0	19.0	9.90	9.63	7.23	6.81	0.05	0.05
66.0	20.0	11.30	9.28	7.88	5.90	0.04	0.06
66.0	21.0	15.06	10.87	10.87	6.71	0.03	0.05
66.0	22.0	15.29	12.15	10.95	7.55	0.03	0.05
66.0	23.0	15.30	12.70	10.79	8.15	0.04	0.05
64.0	0.0	16.75	13.29	11.42	8.22	0.04	0.07
64.0	1.0	14.32	11.10	9.39	6.36	0.04	0.08
64.0	2.0	13.54	9.84	8.99	4.96	0.05	0.07
64.0	3.0	13.05	9.13	8.68	4.52	0.05	0.09
64.0	4.0	12.90	8.43	8.00	3.44	0.04	0.07
64.0	5.0	12.13	8.66	7.07	3.57	0.04	0.06
64.0	6.0	10.86	9.21	6.50	4.72	0.04	0.06
64.0	7.0	9.33	7.32	5.98	3.92	0.05	0.07
64.0	8.0	6.99	5.59	4.60	2.89	0.08	0.06
64.0	9.0	5.22	4.87	3.37	2.53	0.16	0.08
64.0	10.0	5.54	4.54	3.65	2.38	0.17	0.07
64.0	11.0	5.88	4.87	3.97	2.81	0.19	0.05
64.0	12.0	6.14	6.17	4.16	4.18	0.22	0.06
64.0	13.0	6.04	6.82	4.01	4.73	0.29	0.06
64.0	14.0	4.79	7.67	2.96	5.44	0.38	0.04
64.0	15.0	4.40	7.64	2.51	5.38	0.32	0.04
64.0	16.0	4.34	7.73	2.30	5.50	0.29	0.04
64.0	17.0	5.49	6.99	3.55	4.99	0.10	0.04
64.0	18.0	6.91	7.71	5.10	5.57	0.09	0.03
64.0	19.0	6.98	7.94	4.66	5.45	0.07	0.04
64.0	20.0	9.30	8.79	5.94	5.70	0.06	0.04
64.0	21.0	14.21	10.72	9.41	6.73	0.04	0.05
64.0	22.0	15.77	12.25	10.15	7.36	0.04	0.06
64.0	23.0	15.95	13.10	9.97	7.72	0.04	0.06
62.0	0.0	14.75	10.45	9.04	4.97	0.04	0.09
62.0	1.0	12.61	9.09	7.13	3.92	0.04	0.12
62.0	2.0	12.35	8.41	7.24	3.32	0.04	0.10
62.0	3.0	11.88	7.45	7.21	2.90	0.04	0.11
62.0	4.0	10.54	6.36	6.11	1.94	0.04	0.08
62.0	5.0	8.74	5.75	4.78	1.76	0.05	0.08
62.0	6.0	7.14	5.28	3.86	2.04	0.04	0.08
62.0	7.0	6.09	4.30	3.41	1.69	0.08	0.10
62.0	8.0	6.30	4.08	3.79	1.65	0.11	0.08
62.0	9.0	5.54	4.31	3.37	2.31	0.16	0.12
62.0	10.0	5.31	4.53	3.27	2.45	0.19	0.09
62.0	11.0	5.31	4.80	3.34	2.72	0.22	0.07
62.0	12.0	5.37	5.47	3.38	3.42	0.25	0.07
62.0	13.0	5.25	5.91	3.24	3.82	0.30	0.06
62.0	14.0	4.52	5.83	2.57	3.70	0.38	0.06
62.0	15.0	3.81	5.91	1.85	3.71	0.40	0.05
62.0	16.0	2.97	6.12	0.90	3.91	0.36	0.03
62.0	17.0	3.21	6.03	1.11	3.91	0.17	0.04
62.0	18.0	4.03	6.15	2.35	3.94	0.18	0.03
62.0	19.0	4.26	5.36	2.60	3.32	0.12	0.04
62.0	20.0	5.71	5.65	3.40	3.37	0.08	0.05
62.0	21.0	9.15	7.18	5.56	4.23	0.05	0.05
62.0	22.0	11.87	8.81	6.95	4.93	0.04	0.07
62.0	23.0	13.17	9.65	7.54	5.11	0.03	0.08
60.0	0.0	10.65	7.43	5.89	3.38	0.04	0.13
60.0	1.0	10.00	7.41	4.94	3.28	0.04	0.16
60.0	2.0	10.24	7.36	5.38	2.95	0.04	0.11
60.0	3.0	9.74	6.47	5.56	2.27	0.04	0.10
60.0	4.0	8.15	5.33	4.52	1.65	0.05	0.12
60.0	5.0	6.22	4.45	3.00	1.30	0.04	0.11
60.0	6.0	4.73	3.73	1.81	1.01	0.05	0.11
60.0	7.0	4.14	3.45	1.60	1.05	0.12	0.15
60.0	8.0	5.04	3.76	2.55	1.36	0.13	0.11
60.0	9.0	5.08	4.00	2.78	1.82	0.16	0.11
60.0	10.0	4.96	4.22	2.82	2.09	0.20	0.09
60.0	11.0	4.86	4.43	2.82	2.33	0.23	0.08
60.0	12.0	4.79	4.80	2.79	2.73	0.26	0.07
60.0	13.0	4.61	5.10	2.62	3.03	0.31	0.06
60.0	14.0	4.08	5.09	2.13	3.00	0.36	0.05
60.0	15.0	3.34	4.86	1.41	2.75	0.40	0.04
60.0	16.0	2.60	4.30	0.63	2.26	0.42	0.04
60.0	17.0	2.58	4.20	0.64	2.30	0.36	0.05
60.0	18.0	2.80	4.28	1.18	2.45	0.28	0.05
60.0	19.0	3.07	3.78	1.48	2.02	0.16	0.06
60.0	20.0	3.47	3.62	1.72	1.88	0.10	0.06
60.0	21.0	4.70	4.15	2.56	2.26	0.07	0.06
60.0	22.0	6.37	4.96	3.44	2.55	0.05	0.06
60.0	23.0	8.13	5.90	4.36	2.83	0.04	0.07
